日流量年表検索結果
水系名,名取川
河川名,広瀬川
観測所名,広瀬橋
観測所記号,302021282206050
#
#月,1日データ,1日フラグ,,,,,,,,31日データ,31日フラグ,月平均データ,月平均フラグ
#  フラグの意味： $:欠測, -:未登録
#
,1日,,2日,,3日,,4日,,5日,,6日,,7日,,8日,,9日,,10日,,11日,,12日,,13日,,14日,,15日,,16日,,17日,,18日,,19日,,20日,,21日,,22日,,23日,,24日,,25日,,26日,,27日,,28日,,29日,,30日,,31日,
2019年
1月,    4.73, ,    4.75, ,    4.42, ,    4.35, ,    4.52, ,    5.26, ,    4.63, ,    4.15, ,    4.03, ,    3.78, ,    4.13, ,    3.97, ,    3.89, ,    3.83, ,    3.56, ,    3.73, ,    3.81, ,    4.04, ,    4.02, ,    3.80, ,    3.99, ,    3.88, ,    4.01, ,    4.76, ,    4.38, ,    4.58, ,    4.28, ,    4.05, ,    4.68, ,    4.33, ,    4.08, 
2月,    4.37, ,    4.32, ,    4.43, ,   17.99, ,   19.99, ,    9.95, ,    8.04, ,   11.50, ,    8.57, ,    7.47, ,    6.73, ,    6.06, ,    5.56, ,    5.20, ,    5.28, ,    5.27, ,    5.39, ,    4.94, ,    5.16, ,    6.44, ,    9.66, ,    9.27, ,    8.35, ,    7.58, ,    7.69, ,    7.91, ,    7.71, ,    7.15, 
3月,    6.16, ,    6.07, ,    6.09, ,    6.88, ,    6.97, ,    7.34, ,    8.96, ,    8.90, ,    7.26, ,    7.23, ,   31.03, ,   32.99, ,   24.07, ,   17.60, ,   11.20, ,    9.18, ,    8.54, ,    7.80, ,    7.75, ,    7.74, ,    9.79, ,   18.02, ,   12.50, ,    8.78, ,    7.29, ,    6.82, ,    7.80, ,   14.07, ,    8.56, ,    7.81, ,    9.15, 
4月,   11.48, ,   10.28, ,    9.08, ,    8.86, ,   10.41, ,   20.84, ,   13.28, ,   10.65, ,    9.72, ,    9.25, ,   17.14, ,   14.75, ,   16.24, ,   15.07, ,   21.68, ,   19.57, ,   17.16, ,   16.92, ,   19.83, ,   18.08, ,   14.02, ,   12.71, ,   15.41, ,   23.42, ,   26.96, ,   31.25, ,   28.28, ,   18.46, ,   13.72, ,   21.60, 
5月,   32.41, ,   27.66, ,   24.16, ,   20.94, ,   25.54, ,   25.10, ,   24.79, ,    9.43, ,    8.46, ,    7.54, ,    6.24, ,    6.06, ,    4.85, ,    4.90, ,    7.92, ,    4.35, ,    0.36, ,    0.19, ,    0.21, ,    0.17, ,   25.60, ,   20.84, ,    5.40, ,    3.49, ,    2.95, ,    2.60, ,    2.23, ,    2.26, ,    8.50, ,    3.73, ,    3.85, 
6月,    4.46, ,    2.88, ,    1.69, ,    1.20, ,    1.38, ,    2.51, ,    2.47, ,    8.39, ,    5.87, ,    3.52, ,    3.31, ,    2.73, ,    2.73, ,    2.54, ,   13.20, ,   31.00, ,   12.84, ,    8.39, ,    8.51, ,    9.16, ,    6.45, ,    6.46, ,    9.28, ,   11.36, ,   16.84, ,   14.42, ,   12.85, ,   33.10, ,   36.38, ,   43.16, 
7月,   35.51, ,   19.39, ,   14.97, ,   28.59, ,    8.31, ,    6.98, ,    8.47, ,    7.25, ,    6.15, ,    4.90, ,    4.31, ,   10.11, ,    7.64, ,    8.47, ,    8.84, ,    7.10, ,    6.95, ,    7.21, ,    7.20, ,    6.18, ,    7.04, ,    6.32, ,    8.38, ,   10.91, ,   25.72, ,   12.52, ,    9.36, ,   19.33, ,    9.60, ,    7.63, ,    5.70, 
8月,    4.26, ,    3.19, ,    2.30, ,    1.42, ,    1.24, ,    1.06, ,    1.68, ,    2.54, ,    3.11, ,    1.42, ,    1.03, ,    2.70, ,    1.56, ,    1.13, ,    1.97, ,    3.66, ,    3.79, ,    1.40, ,    0.82, ,    7.69, ,    5.20, ,    4.71, ,   16.16, ,    7.03, ,    4.38, ,    2.99, ,    3.33, ,   21.45, ,   11.50, ,    8.33, ,    6.40, 
9月,    4.44, ,    4.29, ,    4.70, ,    3.63, ,    2.92, ,    2.59, ,    2.17, ,    3.20, ,   16.39, ,    9.46, ,   21.77, ,   20.61, ,    9.12, ,    7.50, ,    6.97, ,    8.54, ,   11.06, ,    7.89, ,    6.95, ,    6.23, ,    6.12, ,    6.21, ,    7.70, ,    7.35, ,    6.14, ,    5.06, ,    4.70, ,    4.72, ,    4.74, ,    5.01, 
10月,    5.40, ,    4.72, ,    4.16, ,    4.48, ,    6.30, ,    5.02, ,    4.89, ,   16.27, ,    7.81, ,    5.64, ,   15.85, ,  158.76, ,  284.36, ,   61.02, ,   44.47, ,   36.27, ,   32.69, ,   30.59, ,   51.77, ,   43.11, ,   37.58, ,   45.25, ,   44.13, ,   36.97, ,   54.50, ,   95.59, ,   48.95, ,   38.97, ,   34.32, ,   30.43, ,   28.64, 
11月,   27.58, ,   26.60, ,   25.91, ,   25.10, ,   23.98, ,   23.07, ,   22.27, ,   19.85, ,   12.87, ,   12.22, ,   10.28, ,   10.56, ,    9.21, ,    8.97, ,    9.37, ,    9.34, ,    9.16, ,    8.52, ,    8.78, ,   13.23, ,   10.70, ,    9.53, ,    9.44, ,   14.18, ,   16.54, ,   12.66, ,   10.27, ,    9.69, ,    9.18, ,    9.02, 
12月,    8.67, ,    8.40, ,    7.56, ,    7.71, ,    7.85, ,    8.05, ,    7.50, ,    7.40, ,    7.40, ,    7.56, ,    8.12, ,    9.57, ,    9.82, ,    8.74, ,   10.27, ,    9.13, ,    8.69, ,    8.33, ,    8.47, ,    8.07, ,    7.23, ,    7.33, ,    7.09, ,    6.62, ,    6.52, ,    6.83, ,   14.16, ,   11.81, ,    8.64, ,    8.54, ,    9.59, 
