日流量年表検索結果
水系名,名取川
河川名,広瀬川
観測所名,広瀬橋
観測所記号,302021282206050
#
#月,1日データ,1日フラグ,,,,,,,,31日データ,31日フラグ,月平均データ,月平均フラグ
#  フラグの意味： $:欠測, -:未登録
#
,1日,,2日,,3日,,4日,,5日,,6日,,7日,,8日,,9日,,10日,,11日,,12日,,13日,,14日,,15日,,16日,,17日,,18日,,19日,,20日,,21日,,22日,,23日,,24日,,25日,,26日,,27日,,28日,,29日,,30日,,31日,
2012年
1月,    0.87, ,    0.81, ,    0.81, ,    0.65, ,    3.01, ,    4.49, ,    4.11, ,    4.11, ,    4.11, ,    4.11, ,    4.11, ,    4.04, ,    3.80, ,    3.93, ,    3.87, ,    3.78, ,    3.78, ,    3.74, ,    3.39, ,    2.94, ,    3.08, ,    4.16, ,    4.21, ,    4.25, ,    3.80, ,    3.64, ,    3.64, ,    3.67, ,    3.55, ,    3.00, ,    3.00, 
2月,    3.05, ,    2.84, ,    2.54, ,    2.60, ,    2.86, ,    2.69, ,    3.85, ,    4.66, ,    4.19, ,    3.89, ,    3.78, ,    3.62, ,    3.38, ,    3.67, ,    2.97, ,    3.16, ,    3.32, ,    3.02, ,    2.89, ,    2.86, ,    2.86, ,    3.07, ,    4.58, ,    6.66, ,    7.26, ,    6.17, ,    5.23, ,    4.25, ,    3.82, 
3月,    4.04, ,    5.17, ,    6.16, ,    5.58, ,   12.34, ,   48.72, ,   46.04, ,   28.65, ,   19.63, ,   18.91, ,-9999.00,$,-9999.00,$,   14.14, ,   12.19, ,   12.70, ,   11.58, ,   11.42, ,   14.63, ,   20.54, ,   15.30, ,   12.61, ,   11.02, ,   13.30, ,   21.17, ,   19.29, ,   15.62, ,   12.94, ,   13.49, ,   15.97, ,   18.51, ,   34.80, 
4月,   31.85, ,   18.54, ,   19.04, ,   50.70, ,   27.42, ,   21.20, ,   16.96, ,   15.04, ,   15.03, ,   19.39, ,   23.19, ,   39.75, ,   36.49, ,   30.60, ,   23.46, ,   24.92, ,   25.07, ,   27.14, ,   26.58, ,   24.28, ,   21.05, ,   19.19, ,   29.86, ,   36.52, ,   31.29, ,   29.57, ,   41.93, ,   31.95, ,   28.20, ,   33.51, 
5月,   50.95, ,   54.02, ,  350.88, ,  291.44, ,  113.36, ,   46.53, ,   26.85, ,   15.76, ,   11.98, ,   10.57, ,    9.89, ,   11.58, ,   10.08, ,    9.07, ,    8.80, ,    8.82, ,    7.44, ,    8.71, ,    7.13, ,    5.99, ,    5.38, ,    5.98, ,    6.60, ,    5.21, ,    6.84, ,    6.69, ,    4.49, ,    4.73, ,    5.23, ,    4.60, ,    4.35, 
6月,    2.72, ,    2.36, ,    2.25, ,    2.34, ,    2.16, ,    2.39, ,    2.89, ,    1.66, ,    7.28, ,   33.68, ,   11.05, ,    7.30, ,    6.20, ,    5.91, ,    5.14, ,    5.28, ,    9.15, ,    6.88, ,   28.77, ,  413.68, ,   64.01, ,   27.24, ,   12.77, ,   10.11, ,    9.60, ,    9.10, ,    7.99, ,    7.31, ,    6.98, ,    6.83, 
7月,    6.37, ,    9.35, ,    7.12, ,    5.51, ,    6.08, ,   10.50, ,   94.97, ,   49.68, ,   21.63, ,   13.51, ,   10.47, ,   13.03, ,   11.24, ,    8.08, ,    8.11, ,    7.94, ,    6.66, ,    5.21, ,    4.49, ,    3.43, ,    4.04, ,    4.21, ,    4.49, ,    4.24, ,    4.26, ,    5.06, ,    4.36, ,    4.09, ,    4.65, ,    4.13, ,    6.00, 
8月,    6.44, ,    3.61, ,    2.89, ,    2.76, ,    2.77, ,    3.34, ,    2.31, ,    1.72, ,    1.85, ,    1.68, ,    1.54, ,    1.76, ,    1.86, ,    5.78, ,    3.61, ,    2.14, ,    2.76, ,    4.74, ,    1.91, ,    1.47, ,    1.18, ,    0.86, ,    1.17, ,    2.85, ,    1.41, ,    1.32, ,    1.29, ,    1.12, ,    0.89, ,    1.20, ,    1.26, 
9月,    1.53, ,    2.28, ,    8.62, ,    6.87, ,   13.55, ,    8.17, ,    5.38, ,    3.02, ,    2.51, ,    2.75, ,    5.00, ,    7.35, ,    6.61, ,    5.14, ,    4.72, ,    4.68, ,    4.48, ,    4.20, ,    4.26, ,    4.59, ,    5.44, ,    5.04, ,    5.08, ,    6.84, ,    7.54, ,    5.30, ,    4.38, ,    4.28, ,    5.66, ,    6.66, 
10月,   78.20, ,   21.11, ,   15.58, ,   13.35, ,   11.09, ,    8.21, ,    8.10, ,    7.26, ,    6.81, ,    6.85, ,    7.38, ,    6.89, ,    6.11, ,    5.83, ,    6.06, ,    5.85, ,    5.74, ,    6.18, ,    5.71, ,    5.62, ,    5.67, ,    5.63, ,    4.22, ,    4.47, ,    4.19, ,    3.76, ,    3.65, ,    4.60, ,    6.11, ,    4.71, ,    4.21, 
11月,    5.03, ,    5.65, ,    5.52, ,    4.68, ,    4.62, ,    6.93, ,    8.56, ,    8.34, ,    9.44, ,    7.99, ,    7.11, ,   12.48, ,   10.97, ,    9.83, ,    8.40, ,    7.57, ,    7.36, ,    7.24, ,    6.68, ,    6.81, ,    6.51, ,    6.27, ,    6.27, ,    6.27, ,    6.22, ,    6.22, ,    5.80, ,    5.29, ,    5.49, ,    4.93, 
12月,    4.83, ,    4.68, ,    4.68, ,    5.14, ,    4.97, ,    4.54, ,    4.72, ,    4.66, ,    5.27, ,    5.06, ,    5.45, ,    5.36, ,    5.18, ,    5.18, ,    5.86, ,    9.94, ,    9.55, ,    8.27, ,    7.44, ,    6.46, ,    6.27, ,    5.80, ,    5.71, ,    5.71, ,    5.25, ,    5.08, ,    4.42, ,    4.54, ,    4.68, ,    5.30, ,    8.10, 
