日流量年表検索結果
水系名,名取川
河川名,広瀬川
観測所名,広瀬橋
観測所記号,302021282206050
#
#月,1日データ,1日フラグ,,,,,,,,31日データ,31日フラグ,月平均データ,月平均フラグ
#  フラグの意味： $:欠測, -:未登録
#
,1日,,2日,,3日,,4日,,5日,,6日,,7日,,8日,,9日,,10日,,11日,,12日,,13日,,14日,,15日,,16日,,17日,,18日,,19日,,20日,,21日,,22日,,23日,,24日,,25日,,26日,,27日,,28日,,29日,,30日,,31日,
2017年
1月,    3.06, ,    3.07, ,    3.50, ,    3.53, ,    3.50, ,    3.33, ,    3.18, ,    3.21, ,    4.12, ,    4.48, ,    4.03, ,    3.69, ,    3.66, ,    3.39, ,    3.11, ,    3.05, ,    4.34, ,    4.94, ,    5.00, ,    5.08, ,    5.42, ,    5.18, ,    5.43, ,    5.00, ,    4.63, ,    4.44, ,    4.32, ,    5.79, ,    4.84, ,    5.15, ,    8.40, 
2月,    6.62, ,    6.17, ,    5.76, ,    5.29, ,    5.04, ,    7.79, ,   12.91, ,    8.90, ,    7.39, ,    7.12, ,    6.20, ,    5.92, ,    5.48, ,    4.79, ,    4.67, ,    4.69, ,    5.26, ,   20.15, ,    9.77, ,    7.63, ,    8.32, ,    6.55, ,    6.82, ,    8.85, ,    7.78, ,    7.21, ,    6.65, ,    6.22, 
3月,    6.34, ,    6.73, ,    6.87, ,    7.05, ,    7.82, ,    9.02, ,   12.27, ,   10.62, ,    9.53, ,    9.28, ,    8.84, ,    8.12, ,    7.89, ,   17.45, ,   23.39, ,   13.00, ,   10.57, ,   10.61, ,   11.19, ,   12.00, ,   14.35, ,   16.25, ,   13.94, ,   11.63, ,   10.40, ,    9.76, ,   12.52, ,   11.93, ,   13.39, ,   16.25, ,   19.31, 
4月,   18.12, ,   15.55, ,   15.46, ,   17.14, ,   23.96, ,   34.05, ,   41.48, ,   39.84, ,   37.97, ,   31.58, ,   35.35, ,   63.54, ,   37.09, ,   31.16, ,   34.99, ,   39.00, ,   41.04, ,  106.12, ,   63.59, ,   48.33, ,   38.79, ,   34.55, ,   32.70, ,   31.29, ,   28.49, ,   26.96, ,   32.46, ,   27.22, ,   14.39, ,    9.91, 
5月,   11.00, ,   11.48, ,   11.03, ,   10.70, ,   11.13, ,   10.67, ,   12.79, ,    9.97, ,    8.16, ,    3.87, ,    3.97, ,    7.76, ,   71.16, ,  113.67, ,   58.50, ,   51.42, ,   37.21, ,   30.15, ,   19.64, ,   15.55, ,   13.07, ,   12.71, ,    9.90, ,    8.88, ,   20.11, ,   11.90, ,    9.28, ,    6.23, ,    5.54, ,    4.97, ,    4.66, 
6月,    5.83, ,   29.03, ,   12.29, ,    8.59, ,    7.39, ,    4.88, ,    5.06, ,    7.34, ,    4.67, ,    2.89, ,    2.74, ,    2.46, ,    2.29, ,    2.08, ,    2.09, ,    2.93, ,    2.70, ,    2.23, ,    2.22, ,    2.12, ,   11.25, ,    9.56, ,    3.61, ,    2.88, ,    2.80, ,    2.83, ,    2.31, ,    3.12, ,    3.64, ,    3.48, 
7月,    3.72, ,    6.86, ,   14.40, ,   16.22, ,    8.29, ,    6.32, ,    3.46, ,    2.83, ,    2.17, ,    1.50, ,    1.31, ,    1.03, ,    1.90, ,    2.38, ,    1.36, ,    1.02, ,    0.98, ,    8.61, ,    4.52, ,    1.25, ,    0.98, ,    1.02, ,    0.90, ,   28.94, ,   29.77, ,   18.49, ,    7.13, ,    8.26, ,   45.54, ,   35.49, ,   25.28, 
8月,   18.50, ,   10.81, ,    7.55, ,    8.18, ,    7.88, ,    6.89, ,    9.56, ,  124.36, ,  150.79, ,   58.63, ,   41.50, ,   41.35, ,   36.26, ,   34.75, ,   39.38, ,   46.95, ,   57.21, ,   61.51, ,   47.43, ,   38.57, ,   35.64, ,   31.58, ,   27.65, ,   28.95, ,   32.73, ,   46.74, ,   35.29, ,   25.89, ,   20.74, ,   27.17, ,   39.16, 
9月,   42.74, ,   20.58, ,   16.13, ,   12.76, ,   11.89, ,   11.52, ,   17.03, ,   22.30, ,   13.04, ,   10.96, ,   11.27, ,   35.09, ,   22.57, ,   15.79, ,   15.54, ,   14.53, ,   25.59, ,  134.04, ,   55.26, ,   36.44, ,   28.42, ,   21.88, ,   30.15, ,   26.44, ,   21.00, ,   17.69, ,   13.79, ,   21.62, ,   14.40, ,   11.93, 
10月,   11.20, ,   10.92, ,   10.83, ,   10.03, ,    9.88, ,    9.55, ,   13.44, ,   11.13, ,   10.16, ,    9.99, ,   11.30, ,   10.55, ,   13.68, ,   11.06, ,   10.05, ,    9.51, ,    9.38, ,    9.04, ,    8.96, ,   21.70, ,   50.73, ,  113.49, ,  210.55, ,   65.26, ,   44.20, ,   35.97, ,   31.66, ,   29.70, ,   41.14, ,   46.19, ,   38.71, 
11月,   34.07, ,   31.74, ,   30.06, ,   28.26, ,   26.15, ,   24.82, ,   23.05, ,   22.01, ,   22.01, ,   20.77, ,   19.84, ,   20.54, ,   14.66, ,   11.76, ,   11.72, ,   11.59, ,   11.40, ,   10.90, ,   10.72, ,   10.83, ,   10.66, ,   10.35, ,   10.55, ,   11.24, ,   11.28, ,   11.10, ,   13.08, ,   11.52, ,   11.40, ,   12.15, 
12月,   10.92, ,   10.03, ,    9.59, ,    9.28, ,    8.96, ,    8.64, ,    8.24, ,    5.11, ,    4.72, ,    4.51, ,    4.48, ,    4.27, ,    4.04, ,    3.76, ,    3.69, ,    3.64, ,    3.70, ,    3.47, ,    4.39, ,    5.19, ,    4.71, ,    4.43, ,    4.46, ,    4.90, ,    5.43, ,    6.95, ,    5.88, ,    5.25, ,    4.68, ,    4.54, ,    4.32, 
