日流量年表検索結果
水系名,名取川
河川名,広瀬川
観測所名,広瀬橋
観測所記号,302021282206050
#
#月,1日データ,1日フラグ,,,,,,,,31日データ,31日フラグ,月平均データ,月平均フラグ
#  フラグの意味： $:欠測, -:未登録
#
,1日,,2日,,3日,,4日,,5日,,6日,,7日,,8日,,9日,,10日,,11日,,12日,,13日,,14日,,15日,,16日,,17日,,18日,,19日,,20日,,21日,,22日,,23日,,24日,,25日,,26日,,27日,,28日,,29日,,30日,,31日,
2018年
1月,    4.26, ,    4.41, ,    4.31, ,    4.25, ,    4.06, ,    3.97, ,    3.93, ,    3.84, ,    4.80, ,    8.88, ,    5.30, ,    4.37, ,    4.40, ,    4.07, ,    3.71, ,    3.61, ,    6.97, ,   12.90, ,   11.10, ,    7.78, ,    6.53, ,    5.47, ,    5.35, ,    4.84, ,    4.18, ,    3.76, ,    3.55, ,    3.38, ,    3.29, ,    3.20, ,    3.07, 
2月,    3.19, ,    3.14, ,    3.31, ,    3.52, ,    3.20, ,    2.86, ,    2.79, ,    3.83, ,    5.10, ,    5.33, ,    5.88, ,    6.36, ,    5.72, ,    4.99, ,    8.00, ,    7.87, ,    6.78, ,    5.87, ,    5.18, ,    4.85, ,    5.92, ,    6.19, ,    5.93, ,    6.78, ,    6.63, ,    5.81, ,    5.71, ,    9.61, 
3月,   45.61, ,   47.03, ,   30.54, ,   23.06, ,   40.22, ,   43.59, ,   28.07, ,   22.75, ,   61.94, ,   47.44, ,   35.69, ,   31.16, ,   25.15, ,   29.91, ,   40.61, ,   40.95, ,   33.47, ,   28.06, ,   25.14, ,   24.04, ,   19.50, ,   36.99, ,   34.17, ,   27.11, ,   24.09, ,   23.97, ,   28.26, ,   30.52, ,   31.32, ,   29.82, ,   22.48, 
4月,   18.87, ,   20.60, ,   24.10, ,   28.79, ,   25.74, ,   19.22, ,   22.37, ,   19.83, ,   13.92, ,    9.77, ,    7.38, ,    8.51, ,   10.94, ,   10.63, ,   10.77, ,   10.25, ,   10.41, ,    9.61, ,   12.16, ,   15.25, ,   15.55, ,   15.37, ,   15.09, ,   22.62, ,   27.17, ,   16.46, ,   10.83, ,    8.29, ,    7.26, ,    5.51, 
5月,    5.25, ,    9.79, ,   12.39, ,   10.27, ,    8.57, ,    5.87, ,    2.68, ,    5.50, ,    6.83, ,    5.78, ,    6.30, ,    4.76, ,    4.27, ,    4.29, ,    2.29, ,    1.47, ,    8.18, ,   34.76, ,   39.30, ,   18.57, ,    7.14, ,-9999.00,$,    5.47, ,    7.50, ,    5.92, ,    4.29, ,    4.02, ,    3.83, ,    3.15, ,    2.85, ,    3.70, 
6月,    3.16, ,    2.77, ,    2.18, ,    2.01, ,    1.55, ,    1.55, ,    1.58, ,    1.48, ,    1.49, ,    2.96, ,   16.82, ,   17.85, ,    5.09, ,    2.41, ,    2.70, ,    4.04, ,    3.30, ,    2.68, ,    1.91, ,    3.20, ,    3.44, ,    2.44, ,    2.23, ,    2.06, ,    2.23, ,    1.98, ,    2.58, ,    4.06, ,    3.07, ,    3.13, 
7月,    1.93, ,    1.32, ,    0.87, ,    0.91, ,    2.70, ,    5.12, ,    8.82, ,    4.81, ,    3.00, ,    1.97, ,    3.02, ,    2.40, ,    2.93, ,    2.07, ,    1.45, ,    1.21, ,    1.11, ,    1.15, ,    0.89, ,    0.77, ,    0.64, ,    0.59, ,    0.58, ,    0.57, ,    0.62, ,    0.71, ,    0.80, ,    1.37, ,   10.80, ,    4.43, ,    2.11, 
8月,    1.14, ,    0.74, ,    0.64, ,    0.70, ,    1.33, ,   45.26, ,   31.70, ,   33.88, ,   69.34, ,   43.45, ,   31.94, ,   16.63, ,   11.04, ,   10.42, ,    8.28, ,   23.18, ,   21.64, ,   10.41, ,    8.80, ,    7.99, ,    7.66, ,   11.12, ,    8.36, ,    7.04, ,    6.76, ,    8.01, ,   10.22, ,   53.00, ,   49.96, ,   48.06, ,   50.75, 
9月,   50.23, ,   38.72, ,   34.24, ,   29.27, ,   38.01, ,   26.68, ,   17.77, ,   13.69, ,   14.83, ,   18.84, ,   21.17, ,   17.69, ,   14.02, ,   13.01, ,   10.98, ,   10.76, ,   11.13, ,    9.98, ,    9.57, ,    9.30, ,   13.18, ,   50.46, ,   32.57, ,   22.55, ,   19.96, ,   16.56, ,   26.28, ,   26.63, ,   19.55, ,   22.08, 
10月,   65.17, ,   36.79, ,   29.75, ,   19.91, ,   16.11, ,   14.59, ,   12.55, ,   10.84, ,   10.15, ,   11.97, ,   10.13, ,   10.13, ,   10.34, ,    9.30, ,    9.88, ,    9.88, ,    9.88, ,    8.47, ,    6.41, ,    5.46, ,    5.24, ,    4.65, ,    4.54, ,    4.62, ,    4.45, ,    4.42, ,    5.80, ,    4.86, ,    4.33, ,    4.30, ,    4.78, 
11月,    5.98, ,    5.12, ,    4.51, ,    4.39, ,    4.34, ,    4.84, ,    4.40, ,    4.19, ,    6.67, ,    8.89, ,    7.54, ,    5.31, ,    4.39, ,    4.43, ,    3.70, ,    3.23, ,    3.24, ,    3.23, ,    3.31, ,    3.29, ,    3.10, ,    3.31, ,    3.66, ,    3.92, ,    3.74, ,    3.94, ,    4.26, ,    4.48, ,    4.04, ,    3.40, 
12月,    3.83, ,    4.12, ,    3.64, ,    4.13, ,    4.04, ,    4.56, ,    4.12, ,    4.19, ,    4.08, ,    3.85, ,    3.73, ,    4.54, ,    4.92, ,    4.34, ,    4.16, ,    4.10, ,    3.99, ,    5.61, ,    6.22, ,    7.53, ,    6.54, ,    5.56, ,    5.74, ,    6.35, ,    5.85, ,    5.39, ,    5.37, ,    5.04, ,    4.80, ,    4.50, ,    4.51, 
