日流量年表検索結果
水系名,名取川
河川名,広瀬川
観測所名,広瀬橋
観測所記号,302021282206050
#
#月,1日データ,1日フラグ,,,,,,,,31日データ,31日フラグ,月平均データ,月平均フラグ
#  フラグの意味： $:欠測, -:未登録
#
,1日,,2日,,3日,,4日,,5日,,6日,,7日,,8日,,9日,,10日,,11日,,12日,,13日,,14日,,15日,,16日,,17日,,18日,,19日,,20日,,21日,,22日,,23日,,24日,,25日,,26日,,27日,,28日,,29日,,30日,,31日,
2024年
1月,    6.84, ,    6.42, ,    5.74, ,    6.04, ,    4.76, ,    4.61, ,    4.91, ,    4.58, ,    4.43, ,    4.27, ,    4.09, ,    3.95, ,    3.91, ,    3.75, ,    3.70, ,    3.74, ,    3.77, ,    3.76, ,    4.17, ,    4.12, ,  186.12, ,  140.68, ,   78.00, ,   50.69, ,   36.60, ,   27.13, ,   23.60, ,   21.57, ,   18.75, ,   14.71, ,   13.93, 
2月,   11.68, ,   10.05, ,    9.49, ,    8.34, ,    7.14, ,    6.28, ,    5.64, ,    4.62, ,    4.36, ,    4.34, ,    4.35, ,    4.20, ,    4.13, ,    4.24, ,    6.68, ,   15.16, ,   14.63, ,   12.58, ,   11.97, ,   17.98, ,   22.41, ,   20.41, ,   12.15, ,   10.45, ,    7.42, ,   12.78, ,    9.56, ,    7.13, ,    5.54, 
3月,   19.35, ,   22.03, ,   13.25, ,   11.37, ,    8.12, ,    9.03, ,    8.25, ,    7.24, ,    6.84, ,    5.51, ,    4.98, ,    9.98, ,   20.49, ,   13.69, ,   14.90, ,   20.82, ,   19.86, ,   21.66, ,   14.97, ,   12.29, ,   10.19, ,    8.31, ,    7.20, ,    6.98, ,    9.43, ,   18.62, ,   26.58, ,   22.68, ,   44.57, ,   50.09, ,   33.48, 
4月,   24.96, ,   19.85, ,   15.74, ,   14.71, ,   14.39, ,   10.89, ,   12.45, ,   14.61, ,   98.28, ,   82.93, ,   52.47, ,   38.22, ,   34.08, ,   31.33, ,   29.90, ,   27.69, ,   26.40, ,   24.08, ,   18.66, ,   18.32, ,   17.63, ,   16.46, ,   12.24, ,   17.69, ,   19.65, ,   11.89, ,    4.90, ,    3.61, ,    2.39, ,    2.48, 
5月,    3.94, ,    3.94, ,    4.25, ,    4.08, ,    3.94, ,    3.50, ,    3.08, ,    0.96, ,    0.55, ,    0.53, ,    0.57, ,    0.58, ,    8.67, ,    4.16, ,    1.56, ,    1.06, ,    1.25, ,    0.58, ,    0.36, ,    0.59, ,    0.48, ,    0.39, ,    0.35, ,    0.35, ,    0.37, ,    0.38, ,    0.42, ,    3.91, ,   10.50, ,    2.04, ,    1.24, 
6月,    2.07, ,   16.89, ,   34.76, ,    8.36, ,    4.00, ,    2.72, ,    1.59, ,    1.06, ,    0.73, ,    0.66, ,    0.64, ,    0.54, ,    0.41, ,    0.40, ,    0.37, ,    0.38, ,    0.38, ,    0.41, ,    0.31, ,    0.29, ,    0.28, ,    0.31, ,    0.78, ,    1.07, ,    0.79, ,    0.49, ,    0.39, ,    0.35, ,    0.31, ,    0.29, 
7月,    0.31, ,    0.34, ,    0.31, ,    0.36, ,    0.29, ,    0.23, ,    0.15, ,    5.81, ,    6.98, ,    7.05, ,   25.23, ,    5.92, ,    3.22, ,    1.60, ,    1.28, ,    0.88, ,    0.66, ,    1.46, ,    2.18, ,    1.67, ,    3.06, ,    0.75, ,    0.48, ,    0.41, ,   22.48, ,   26.98, ,   10.57, ,    6.02, ,    3.96, ,    3.07, ,    3.00, 
8月,    2.25, ,    1.17, ,    0.69, ,    0.47, ,    0.35, ,    0.32, ,    0.33, ,    0.50, ,    0.47, ,    3.38, ,    7.18, ,    4.47, ,    3.97, ,    4.98, ,    1.79, ,    2.04, ,    3.87, ,    1.28, ,    0.83, ,    0.75, ,    0.69, ,    0.68, ,    0.64, ,    1.69, ,    2.83, ,    3.88, ,    2.52, ,    1.42, ,    1.74, ,    7.12, ,    3.16, 
9月,    2.35, ,    1.92, ,    1.99, ,    1.60, ,    1.20, ,    0.99, ,    0.98, ,    0.89, ,    0.93, ,    1.43, ,    3.74, ,    3.85, ,    3.49, ,    4.39, ,    7.46, ,    8.54, ,    5.35, ,    4.33, ,    4.15, ,    9.46, ,  116.70, ,  175.05, ,   94.68, ,   56.61, ,   42.50, ,   33.90, ,   26.84, ,   23.13, ,   21.19, ,   19.76, 
10月,   20.15, ,   19.89, ,   18.56, ,   22.50, ,   22.30, ,   20.45, ,   24.77, ,   32.16, ,   35.66, ,   26.88, ,   22.21, ,   20.44, ,   19.40, ,   17.92, ,   17.52, ,   17.29, ,   16.01, ,    5.77, ,    5.54, ,    4.78, ,    4.43, ,    4.05, ,    4.03, ,    4.04, ,    3.98, ,    3.90, ,    3.86, ,    3.90, ,    3.82, ,    6.77, ,    4.51, 
11月,    3.97, ,    6.62, ,   10.48, ,    4.63, ,    4.21, ,    4.29, ,    4.21, ,    4.22, ,    4.16, ,    3.96, ,    3.94, ,    3.79, ,    3.69, ,    3.62, ,    3.66, ,    3.74, ,    3.87, ,    3.97, ,    3.82, ,    3.75, ,    3.66, ,    3.54, ,    3.84, ,    4.27, ,    3.89, ,    3.82, ,    4.19, ,    3.92, ,    4.15, ,    4.73, 
12月,    5.24, ,    4.44, ,    4.29, ,    4.31, ,    4.28, ,    4.50, ,    6.27, ,    4.48, ,    4.39, ,    4.47, ,    4.51, ,    4.60, ,    4.39, ,    4.27, ,    4.30, ,    4.77, ,    4.41, ,    4.33, ,    4.16, ,    3.95, ,    4.20, ,    4.39, ,    4.39, ,    4.34, ,    4.25, ,    4.31, ,    5.92, ,    4.77, ,    4.38, ,    4.32, ,    4.34, 
