日流量年表検索結果
水系名,名取川
河川名,広瀬川
観測所名,広瀬橋
観測所記号,302021282206050
#
#月,1日データ,1日フラグ,,,,,,,,31日データ,31日フラグ,月平均データ,月平均フラグ
#  フラグの意味： $:欠測, -:未登録
#
,1日,,2日,,3日,,4日,,5日,,6日,,7日,,8日,,9日,,10日,,11日,,12日,,13日,,14日,,15日,,16日,,17日,,18日,,19日,,20日,,21日,,22日,,23日,,24日,,25日,,26日,,27日,,28日,,29日,,30日,,31日,
2011年
1月,   16.50, ,   15.05, ,   13.66, ,   12.66, ,   12.27, ,   12.92, ,   12.48, ,   11.89, ,   12.10, ,   11.50, ,   10.82, ,   10.39, ,    9.76, ,    7.38, ,    7.21, ,    7.00, ,    6.94, ,    7.02, ,    6.79, ,    6.55, ,    6.55, ,    6.50, ,    6.55, ,    6.17, ,    5.94, ,    5.94, ,    5.94, ,    5.71, ,    5.25, ,    5.36, ,    5.09, 
2月,    5.25, ,    5.36, ,    6.00, ,    5.84, ,    5.72, ,    5.82, ,    5.84, ,    5.67, ,    5.87, ,    5.53, ,    5.72, ,    5.63, ,    5.63, ,    5.41, ,    5.94, ,    5.48, ,    5.36, ,   22.81, ,   16.39, ,   10.70, ,    9.47, ,    9.22, ,    9.47, ,   11.06, ,   22.68, ,   22.82, ,   13.64, ,   12.85, 
3月,   10.79, ,   10.10, ,    8.76, ,    7.91, ,    7.65, ,    7.52, ,    8.35, ,    7.91, ,    7.85, ,    7.82, ,    7.41, ,    7.44, ,    9.31, ,   12.29, ,   19.60, ,   18.00, ,   13.56, ,   17.05, ,   17.57, ,   21.74, ,   25.17, ,   23.17, ,   21.75, ,   18.19, ,   16.67, ,   18.11, ,   16.50, ,   14.98, ,   12.92, ,   13.93, ,   15.69, 
4月,   15.81, ,   17.94, ,   16.81, ,   13.93, ,   12.18, ,   11.13, ,   14.49, ,   21.38, ,   31.56, ,   26.09, ,   22.12, ,   17.49, ,   13.74, ,   17.70, ,   20.26, ,   25.49, ,   22.26, ,   16.08, ,   18.26, ,   16.53, ,   12.38, ,   11.61, ,   14.71, ,   29.06, ,   20.93, ,   16.30, ,   16.43, ,   25.68, ,   21.63, ,   17.17, 
5月,   15.20, ,   16.22, ,   13.49, ,   12.45, ,   11.61, ,   10.36, ,   10.83, ,   12.96, ,   11.27, ,   15.40, ,   19.02, ,   39.30, ,   41.97, ,   24.19, ,   19.65, ,   14.04, ,    7.73, ,    6.15, ,    5.36, ,    5.18, ,    5.83, ,    5.94, ,    5.01, ,    4.31, ,    4.19, ,    3.70, ,    3.95, ,    4.07, ,   11.93, ,  172.85, ,   95.16, 
6月,   34.73, ,   14.14, ,   16.00, ,   11.20, ,    9.16, ,    8.08, ,    7.26, ,    6.76, ,    6.25, ,    5.94, ,    9.89, ,    7.05, ,    5.97, ,    5.73, ,    4.79, ,    4.53, ,    4.80, ,    4.95, ,    5.18, ,    4.55, ,    5.42, ,    4.55, ,   24.68, ,   14.01, ,   11.06, ,   18.15, ,  103.42, ,   90.38, ,   57.38, ,   30.13, 
7月,   38.41, ,   22.07, ,   13.55, ,   14.95, ,   15.97, ,   10.58, ,    7.66, ,    6.89, ,    6.25, ,    5.55, ,    4.64, ,    4.31, ,    4.56, ,    3.27, ,    3.06, ,    3.07, ,    2.06, ,    1.61, ,    2.00, ,    4.96, ,    7.88, ,    3.36, ,    2.24, ,    2.06, ,    2.33, ,    3.32, ,    4.44, ,    8.77, ,    9.28, ,   10.46, ,   10.37, 
8月,    6.02, ,    4.30, ,    3.09, ,    2.79, ,    2.74, ,    3.28, ,    6.49, ,    6.77, ,    4.26, ,    2.12, ,    1.28, ,    0.90, ,    1.03, ,    0.94, ,    0.93, ,    1.32, ,    0.91, ,    0.78, ,    1.82, ,    2.24, ,    6.31, ,   11.11, ,   11.05, ,    5.27, ,    2.68, ,    2.51, ,    2.18, ,    1.80, ,    1.51, ,    1.21, ,    1.16, 
9月,    1.31, ,   12.15, ,   15.57, ,   11.53, ,    8.37, ,    5.09, ,    4.23, ,    3.76, ,    3.34, ,    4.23, ,    5.89, ,    6.54, ,    5.46, ,    4.99, ,    5.19, ,    5.27, ,    5.09, ,    4.86, ,    4.88, ,   48.63, ,  365.08, ,  184.74, ,   58.05, ,   31.60, ,   21.71, ,   17.30, ,   13.97, ,   10.04, ,    9.66, ,   10.76, 
10月,   10.39, ,    9.37, ,    8.64, ,    8.55, ,   10.10, ,   61.61, ,   22.70, ,   15.03, ,   12.17, ,   10.86, ,    9.97, ,    9.19, ,    9.01, ,    9.25, ,    9.97, ,   12.95, ,    9.22, ,    7.85, ,    7.21, ,    7.26, ,    7.13, ,   10.40, ,    9.08, ,    7.28, ,    5.31, ,    4.90, ,    4.36, ,    4.07, ,    3.98, ,    3.88, ,    4.02, 
11月,    4.37, ,    4.33, ,    4.13, ,    3.88, ,    3.80, ,    4.58, ,    6.47, ,    4.37, ,    3.44, ,    3.21, ,    3.40, ,    3.92, ,    3.36, ,    3.25, ,    3.25, ,    3.58, ,    4.69, ,    3.48, ,    3.26, ,    3.82, ,    3.61, ,    3.51, ,    3.34, ,    3.67, ,    4.68, ,    4.13, ,    3.49, ,    3.30, ,    3.29, ,    3.23, 
12月,    3.07, ,    2.69, ,   21.08, ,   17.85, ,    8.19, ,    5.63, ,    4.59, ,    3.92, ,    3.38, ,    3.29, ,    2.95, ,    2.91, ,    2.83, ,    2.39, ,    2.43, ,    2.54, ,    2.45, ,    2.03, ,    1.93, ,    1.78, ,    1.21, ,    1.43, ,    1.34, ,    1.10, ,    1.21, ,    1.20, ,    1.19, ,    0.92, ,    0.72, ,    0.75, ,    0.76, 
