日流量年表検索結果
水系名,名取川
河川名,広瀬川
観測所名,広瀬橋
観測所記号,302021282206050
#
#月,1日データ,1日フラグ,,,,,,,,31日データ,31日フラグ,月平均データ,月平均フラグ
#  フラグの意味： $:欠測, -:未登録
#
,1日,,2日,,3日,,4日,,5日,,6日,,7日,,8日,,9日,,10日,,11日,,12日,,13日,,14日,,15日,,16日,,17日,,18日,,19日,,20日,,21日,,22日,,23日,,24日,,25日,,26日,,27日,,28日,,29日,,30日,,31日,
2015年
1月,    7.95, ,    6.43, ,    5.36, ,    4.66, ,    4.85, ,    4.95, ,    5.72, ,    5.25, ,    4.66, ,    4.04, ,    3.62, ,    3.78, ,    3.74, ,    3.65, ,    3.88, ,    4.81, ,    4.02, ,    3.76, ,    3.45, ,    3.76, ,    3.18, ,    3.21, ,    4.93, ,    4.62, ,    3.67, ,    3.62, ,    3.74, ,    4.21, ,    3.45, ,    3.09, ,    4.26, 
2月,    4.77, ,    3.82, ,    2.93, ,    2.88, ,    2.66, ,    2.68, ,    2.57, ,    2.83, ,    2.74, ,    2.52, ,    2.43, ,    2.60, ,    3.16, ,    2.69, ,    3.07, ,    2.61, ,    2.69, ,    4.98, ,    5.29, ,    4.65, ,    4.12, ,    3.87, ,    5.17, ,   11.45, ,   12.48, ,    8.64, ,    8.97, ,    7.57, 
3月,    9.18, ,   30.10, ,   16.96, ,   22.80, ,   23.99, ,   19.55, ,   15.14, ,   13.14, ,   34.63, ,  164.52, ,   57.71, ,   38.20, ,   30.08, ,   26.16, ,   25.20, ,   21.11, ,   22.61, ,   28.01, ,   48.44, ,   46.12, ,   36.49, ,   29.24, ,   27.96, ,   21.61, ,   17.53, ,   15.85, ,   16.46, ,   20.19, ,   23.49, ,   31.42, ,   33.11, 
4月,   34.98, ,   35.56, ,   31.21, ,   38.69, ,   33.82, ,   39.15, ,   45.95, ,   32.16, ,   24.49, ,   22.19, ,   27.94, ,   26.95, ,   25.90, ,   36.98, ,   68.12, ,   77.15, ,   48.05, ,   38.50, ,   32.19, ,   28.80, ,   39.42, ,   31.70, ,   28.67, ,   26.71, ,   23.19, ,   19.79, ,   17.94, ,   16.06, ,   15.89, ,   14.51, 
5月,   14.56, ,   12.88, ,   10.72, ,    9.32, ,    7.84, ,    5.32, ,    4.30, ,    2.50, ,    2.47, ,    2.46, ,    2.06, ,    1.08, ,    1.63, ,    1.98, ,    2.38, ,    8.80, ,    3.17, ,    2.50, ,    6.72, ,    3.43, ,    2.55, ,    2.45, ,    2.37, ,    2.34, ,    2.30, ,    2.36, ,    2.32, ,    2.21, ,    2.23, ,    2.25, ,    2.24, 
6月,    2.16, ,    2.15, ,    2.13, ,    2.14, ,    2.13, ,    3.79, ,    2.53, ,    2.16, ,    5.97, ,    3.07, ,    2.18, ,    2.01, ,    2.18, ,    2.05, ,    2.11, ,    1.99, ,    1.91, ,    1.92, ,    2.05, ,    2.12, ,    2.09, ,    2.21, ,    2.02, ,    2.39, ,    2.69, ,    2.79, ,   41.08, ,   25.56, ,   13.58, ,    8.13, 
7月,   10.27, ,    9.93, ,    7.42, ,    6.00, ,    5.11, ,    4.48, ,    4.85, ,    3.99, ,    5.11, ,    3.86, ,    3.21, ,    2.83, ,    2.36, ,    2.26, ,    2.16, ,    6.28, ,    4.52, ,    2.47, ,    2.45, ,    2.47, ,    2.03, ,    1.70, ,    1.68, ,    1.99, ,    2.94, ,    1.76, ,    1.71, ,    1.70, ,    1.66, ,    1.47, ,    1.91, 
8月,    1.66, ,    1.45, ,    1.35, ,    1.50, ,    1.53, ,    1.11, ,    0.85, ,    1.13, ,    1.47, ,    1.34, ,    5.30, ,    5.30, ,    2.88, ,   10.02, ,    3.17, ,    1.95, ,   46.69, ,   51.72, ,    9.96, ,    4.95, ,    7.12, ,   10.70, ,    5.95, ,    4.91, ,    3.72, ,    5.23, ,   14.22, ,   13.13, ,   16.99, ,   26.38, ,   26.81, 
9月,   18.31, ,   17.30, ,   13.95, ,   12.37, ,    9.10, ,   11.16, ,   26.44, ,   32.72, ,   53.55, ,  258.49, ,  483.04, ,   93.61, ,   49.09, ,   40.37, ,   33.40, ,   27.20, ,   28.35, ,   48.78, ,   38.55, ,   29.55, ,   25.18, ,   21.95, ,   19.26, ,   17.50, ,   18.80, ,   26.84, ,   20.56, ,   17.70, ,   16.13, ,   15.95, 
10月,   14.89, ,   17.07, ,   14.60, ,   13.24, ,   12.81, ,   11.94, ,   11.94, ,   11.50, ,   11.85, ,   12.10, ,   11.94, ,   11.94, ,   11.10, ,    8.81, ,    7.87, ,    7.62, ,    7.65, ,    7.67, ,    7.22, ,    6.98, ,    7.38, ,    6.64, ,    6.98, ,    6.50, ,    6.71, ,    6.01, ,    4.73, ,    4.63, ,    4.76, ,    4.48, ,    4.76, 
11月,    4.65, ,    6.67, ,    6.44, ,    4.88, ,    4.69, ,    4.71, ,    4.49, ,    7.10, ,    9.63, ,   10.99, ,    7.57, ,    6.08, ,    6.12, ,   22.22, ,   42.29, ,   23.52, ,   13.13, ,    9.69, ,   14.32, ,   10.41, ,    8.65, ,    7.67, ,    7.92, ,   10.52, ,    8.52, ,   27.36, ,   31.99, ,   21.62, ,   15.03, ,   10.75, 
12月,    9.87, ,    8.96, ,    8.30, ,   13.88, ,   27.20, ,   28.85, ,   17.11, ,   11.53, ,    9.72, ,    8.98, ,   28.07, ,   35.40, ,   21.08, ,   14.88, ,   11.55, ,    9.94, ,   10.10, ,    9.62, ,   12.54, ,   11.44, ,   11.13, ,   11.15, ,   10.58, ,   10.04, ,    9.99, ,    9.97, ,   11.45, ,   10.07, ,    9.87, ,    9.52, ,    9.39, 
