日流量年表検索結果
水系名,名取川
河川名,広瀬川
観測所名,広瀬橋
観測所記号,302021282206050
#
#月,1日データ,1日フラグ,,,,,,,,31日データ,31日フラグ,月平均データ,月平均フラグ
#  フラグの意味： $:欠測, -:未登録
#
,1日,,2日,,3日,,4日,,5日,,6日,,7日,,8日,,9日,,10日,,11日,,12日,,13日,,14日,,15日,,16日,,17日,,18日,,19日,,20日,,21日,,22日,,23日,,24日,,25日,,26日,,27日,,28日,,29日,,30日,,31日,
2020年
1月,   12.45, ,   10.81, ,    9.27, ,    8.46, ,    8.22, ,    7.43, ,    6.54, ,   11.45, ,   19.63, ,   20.44, ,   14.51, ,   12.15, ,   10.99, ,    9.38, ,   10.52, ,    9.53, ,    8.13, ,    7.11, ,    6.63, ,    5.83, ,    6.49, ,    6.78, ,    6.66, ,    7.48, ,    7.52, ,    6.54, ,    6.19, ,    7.88, ,   62.05, ,   54.59, ,   34.12, 
2月,   23.68, ,   17.74, ,   14.33, ,   13.91, ,   11.72, ,   10.80, ,    9.30, ,    8.72, ,    8.25, ,    7.80, ,    8.03, ,    6.96, ,    7.98, ,   14.63, ,   16.43, ,   16.26, ,   20.07, ,   19.42, ,   15.03, ,   12.13, ,    9.48, ,    9.16, ,   14.73, ,   13.99, ,   14.19, ,   14.71, ,   13.35, ,   11.37, ,    9.95, 
3月,    9.66, ,   10.01, ,   10.82, ,   10.08, ,   11.45, ,   10.62, ,    9.66, ,    9.52, ,   11.27, ,   27.68, ,   46.58, ,   34.44, ,   27.80, ,   24.48, ,   23.19, ,   22.32, ,   20.63, ,   20.68, ,   19.09, ,   19.09, ,   17.91, ,   19.44, ,   18.34, ,   15.83, ,   14.15, ,   13.68, ,   11.73, ,    9.25, ,   10.76, ,    8.89, ,    8.03, 
4月,   11.43, ,   39.42, ,   32.13, ,   25.41, ,   22.50, ,   20.89, ,   19.75, ,   19.02, ,   18.95, ,   17.30, ,   10.29, ,    9.16, ,   18.08, ,   26.67, ,   14.35, ,   11.76, ,   10.69, ,   79.33, ,  195.62, ,   84.26, ,   68.54, ,   54.53, ,   47.33, ,   35.23, ,   26.57, ,   20.47, ,   17.95, ,   14.72, ,   11.19, ,    9.27, 
5月,    8.92, ,    7.53, ,    7.46, ,    7.11, ,    6.60, ,    5.38, ,    4.63, ,    4.41, ,    5.64, ,    6.90, ,    6.58, ,    5.72, ,    5.06, ,    3.42, ,    3.37, ,    3.39, ,    3.41, ,    3.65, ,   35.14, ,   38.28, ,   19.64, ,   14.16, ,   21.75, ,   21.93, ,   11.87, ,    6.59, ,    5.41, ,    4.72, ,    4.20, ,    3.82, ,    3.66, 
6月,    3.40, ,    2.42, ,    2.12, ,    1.73, ,    1.75, ,    1.66, ,    1.49, ,    1.47, ,    1.66, ,    1.38, ,    1.35, ,    1.12, ,    0.60, ,    0.91, ,    3.73, ,    1.46, ,    0.54, ,    0.51, ,    0.93, ,    2.18, ,    1.14, ,    0.98, ,    1.04, ,    0.93, ,    1.00, ,    3.78, ,    2.57, ,    1.66, ,    1.39, ,    1.46, 
7月,    5.55, ,    8.99, ,    3.58, ,   18.25, ,   15.62, ,    6.24, ,    7.09, ,   36.80, ,   27.38, ,   20.55, ,   25.42, ,   29.71, ,   41.13, ,   68.79, ,   74.95, ,  102.28, ,   64.24, ,   38.22, ,   31.01, ,   23.96, ,   15.04, ,   22.12, ,   14.03, ,   11.53, ,   15.35, ,   14.30, ,   15.28, ,  139.72, ,   97.16, ,   53.95, ,   33.95, 
8月,   23.17, ,   19.91, ,   15.95, ,   10.77, ,    7.63, ,    5.80, ,    5.17, ,    6.57, ,   18.05, ,   14.07, ,    8.41, ,    9.78, ,    6.26, ,    4.96, ,    4.86, ,    4.57, ,    4.07, ,    3.56, ,    3.13, ,    2.76, ,    3.26, ,    3.23, ,    3.24, ,    3.27, ,    3.00, ,    2.94, ,    2.84, ,    2.76, ,    4.22, ,    5.60, ,    7.37, 
9月,    9.77, ,   31.87, ,   31.29, ,   19.95, ,   13.41, ,   12.70, ,    9.32, ,    6.76, ,    5.14, ,    7.23, ,   16.96, ,   60.80, ,   43.61, ,   48.23, ,   35.18, ,   26.02, ,   20.48, ,   17.10, ,   15.03, ,   13.09, ,   11.95, ,   11.06, ,   10.96, ,   10.96, ,   31.93, ,   43.20, ,   27.42, ,   23.20, ,   20.73, ,   18.40, 
10月,   16.15, ,   15.38, ,   14.19, ,   13.76, ,   12.88, ,   12.15, ,   12.76, ,   16.44, ,   13.60, ,   18.13, ,   22.45, ,   26.28, ,   24.35, ,   19.02, ,   15.98, ,   13.54, ,   11.10, ,   10.69, ,    9.63, ,    7.33, ,    6.75, ,    6.28, ,    9.31, ,    8.36, ,    6.87, ,    6.49, ,    4.91, ,    4.75, ,    4.64, ,    4.61, ,    4.39, 
11月,    4.21, ,    4.18, ,    4.20, ,    4.50, ,    4.51, ,    4.23, ,    4.22, ,    4.21, ,    4.18, ,    4.33, ,    4.60, ,    4.39, ,    4.37, ,    4.49, ,    4.37, ,    4.38, ,    4.31, ,    4.17, ,    4.15, ,    4.14, ,    4.63, ,    4.22, ,    4.26, ,    4.33, ,    4.25, ,    4.18, ,    4.04, ,    4.10, ,    4.31, ,    4.12, 
12月,    4.05, ,    4.04, ,    3.98, ,    4.00, ,    3.97, ,    4.04, ,    3.96, ,    4.19, ,    4.41, ,    4.13, ,    4.07, ,    4.02, ,    4.02, ,    4.18, ,    4.02, ,    3.98, ,    4.06, ,    4.15, ,    4.27, ,    4.21, ,    4.10, ,    4.14, ,    4.35, ,    4.81, ,   10.66, ,    9.22, ,    5.77, ,    5.07, ,    5.30, ,    7.11, ,    8.04, 
