日流量年表検索結果
水系名,名取川
河川名,広瀬川
観測所名,広瀬橋
観測所記号,302021282206050
#
#月,1日データ,1日フラグ,,,,,,,,31日データ,31日フラグ,月平均データ,月平均フラグ
#  フラグの意味： $:欠測, -:未登録
#
,1日,,2日,,3日,,4日,,5日,,6日,,7日,,8日,,9日,,10日,,11日,,12日,,13日,,14日,,15日,,16日,,17日,,18日,,19日,,20日,,21日,,22日,,23日,,24日,,25日,,26日,,27日,,28日,,29日,,30日,,31日,
2021年
1月,    7.19, ,    6.24, ,    5.43, ,    5.17, ,    5.42, ,    5.57, ,    5.29, ,    7.41, ,    6.27, ,    5.18, ,    4.43, ,    4.37, ,    3.83, ,    4.03, ,    4.47, ,    4.16, ,    5.57, ,    4.87, ,    4.67, ,    4.44, ,    4.39, ,    4.60, ,    7.76, ,    6.57, ,    5.79, ,    6.39, ,    8.09, ,   14.21, ,   11.05, ,    9.17, ,    7.61, 
2月,    6.12, ,    7.02, ,    9.10, ,    7.41, ,    6.78, ,    6.39, ,    8.10, ,   10.39, ,    8.56, ,    7.11, ,    7.49, ,    6.81, ,    6.86, ,    9.60, ,   44.71, ,   71.60, ,   42.23, ,   29.37, ,   23.46, ,   19.93, ,   29.61, ,   35.43, ,   51.54, ,   34.38, ,   25.26, ,   19.95, ,   15.36, ,   13.76, 
3月,   13.27, ,   17.91, ,   24.24, ,   18.68, ,   18.19, ,   21.93, ,   21.71, ,   18.33, ,   16.25, ,   15.96, ,   14.65, ,   13.32, ,   24.66, ,   63.20, ,   34.31, ,   29.91, ,   28.26, ,   23.78, ,   22.50, ,   21.17, ,   22.08, ,   26.90, ,   21.23, ,   17.32, ,   15.67, ,   17.85, ,   17.60, ,   16.50, ,   22.51, ,   23.62, ,   28.35, 
4月,   27.44, ,   24.07, ,   20.47, ,   20.84, ,   22.27, ,   22.89, ,   20.52, ,   18.33, ,   15.43, ,   14.53, ,   14.22, ,   12.70, ,    8.98, ,    9.17, ,    8.92, ,   10.49, ,   13.98, ,   44.54, ,   36.14, ,   19.90, ,   15.80, ,   14.56, ,   12.04, ,   10.11, ,    7.37, ,    4.93, ,    3.77, ,    3.46, ,    9.44, ,   13.87, 
5月,   10.61, ,   14.42, ,   10.61, ,    7.99, ,    5.50, ,    4.43, ,    3.59, ,    2.97, ,    2.63, ,    2.51, ,    2.13, ,    0.66, ,    0.48, ,    0.47, ,    0.49, ,    0.44, ,    0.48, ,    0.54, ,    1.48, ,    0.72, ,    3.80, ,    4.16, ,    2.60, ,    1.83, ,    1.37, ,    0.59, ,    0.60, ,    1.07, ,    1.01, ,    0.53, ,    0.56, 
6月,    0.35, ,    0.29, ,    0.28, ,    8.66, ,    9.34, ,    3.12, ,    2.06, ,    1.54, ,    1.35, ,    1.01, ,    0.80, ,    0.38, ,    0.23, ,    0.20, ,    0.33, ,    0.61, ,    1.81, ,    1.31, ,    2.02, ,    2.17, ,    0.83, ,    0.52, ,    0.67, ,    0.98, ,    0.80, ,    0.57, ,    0.50, ,    0.42, ,    2.75, ,    3.26, 
7月,    2.57, ,    2.57, ,    4.83, ,    4.14, ,    9.09, ,    3.80, ,   24.38, ,   23.71, ,   35.79, ,   47.26, ,   40.35, ,   29.59, ,   18.51, ,   16.92, ,   15.13, ,   10.10, ,    6.27, ,    4.25, ,    3.08, ,    1.87, ,    1.36, ,    1.26, ,    1.34, ,    1.56, ,    2.11, ,    4.41, ,   12.78, ,   35.98, ,   22.35, ,    7.18, ,    3.44, 
8月,    4.62, ,    2.94, ,    1.96, ,    1.75, ,    1.59, ,    0.79, ,    3.08, ,    0.92, ,    9.19, ,   15.27, ,    4.10, ,    8.52, ,   13.59, ,   32.02, ,   44.22, ,   26.02, ,   21.85, ,   28.62, ,   20.03, ,   15.36, ,   12.40, ,   11.41, ,   25.76, ,   17.68, ,   24.48, ,   16.50, ,   11.67, ,    6.43, ,    4.74, ,    3.87, ,    3.53, 
9月,    3.37, ,    5.18, ,    3.87, ,   39.17, ,   19.79, ,   14.04, ,   12.19, ,   10.99, ,   11.77, ,    9.49, ,   10.74, ,   10.21, ,    8.86, ,    7.74, ,    7.84, ,    8.65, ,    8.14, ,   14.17, ,   12.01, ,    8.89, ,    8.30, ,    9.84, ,   16.70, ,   10.45, ,    9.29, ,    9.26, ,    9.04, ,    8.20, ,    7.46, ,    7.02, 
10月,   17.81, ,   20.90, ,   11.96, ,    9.35, ,    7.97, ,    6.94, ,    6.11, ,    5.81, ,    6.63, ,    7.16, ,    5.69, ,    9.56, ,   16.32, ,   13.65, ,   10.12, ,   13.09, ,   14.08, ,   11.25, ,    9.67, ,    9.30, ,   17.12, ,   12.77, ,   11.73, ,   11.08, ,    9.79, ,   17.86, ,   13.96, ,   11.18, ,    9.95, ,    8.95, ,    8.55, 
11月,    8.09, ,    9.12, ,    8.52, ,    7.97, ,    7.66, ,    7.25, ,    6.94, ,    6.70, ,   30.17, ,   33.25, ,   20.18, ,   17.16, ,   14.46, ,   12.61, ,   11.72, ,   11.14, ,   10.51, ,   10.11, ,   10.08, ,    9.67, ,    9.35, ,    9.51, ,    9.10, ,   14.09, ,   22.98, ,   26.09, ,   21.88, ,   20.48, ,   18.50, ,   16.49, 
12月,   31.31, ,   25.84, ,   18.47, ,   13.66, ,   11.80, ,    9.76, ,   12.54, ,   21.13, ,   22.90, ,   20.43, ,   19.03, ,   18.32, ,   19.92, ,   16.21, ,   12.69, ,   11.23, ,   10.03, ,   10.37, ,    9.51, ,    8.76, ,    8.83, ,   16.29, ,   12.62, ,   10.85, ,   10.11, ,    9.57, ,    8.86, ,    7.55, ,    6.78, ,    6.94, ,    7.08, 
