日流量年表検索結果
水系名,名取川
河川名,広瀬川
観測所名,広瀬橋
観測所記号,302021282206050
#
#月,1日データ,1日フラグ,,,,,,,,31日データ,31日フラグ,月平均データ,月平均フラグ
#  フラグの意味： $:欠測, -:未登録
#
,1日,,2日,,3日,,4日,,5日,,6日,,7日,,8日,,9日,,10日,,11日,,12日,,13日,,14日,,15日,,16日,,17日,,18日,,19日,,20日,,21日,,22日,,23日,,24日,,25日,,26日,,27日,,28日,,29日,,30日,,31日,
2023年
1月,    8.55, ,    8.96, ,    7.62, ,    6.50, ,    6.03, ,    5.48, ,    5.01, ,    4.95, ,    4.93, ,    5.53, ,    5.45, ,    5.20, ,    6.33, ,   10.84, ,   23.45, ,   18.11, ,   12.77, ,    9.59, ,    7.79, ,    6.86, ,    8.42, ,    6.70, ,    5.93, ,    5.60, ,    5.26, ,    5.06, ,    4.95, ,    5.16, ,    5.07, ,    4.95, ,    5.00, 
2月,    4.73, ,    5.42, ,    4.86, ,    4.73, ,    4.74, ,    4.71, ,    5.02, ,    7.42, ,    6.99, ,    5.69, ,    6.72, ,    6.60, ,    9.29, ,   10.48, ,    7.94, ,    6.63, ,    6.31, ,    6.25, ,   20.01, ,   31.51, ,   19.38, ,   13.69, ,   10.97, ,    9.54, ,   10.10, ,    8.81, ,    8.07, ,    7.24, 
3月,    7.10, ,   14.22, ,   13.22, ,   10.14, ,    9.15, ,    9.07, ,   10.06, ,   12.16, ,   21.61, ,   31.23, ,   34.83, ,   30.04, ,   32.23, ,   28.37, ,   18.59, ,   17.06, ,   19.72, ,   18.89, ,   14.33, ,   10.76, ,   11.22, ,   15.89, ,   24.98, ,   39.11, ,   26.23, ,   31.39, ,   47.97, ,   30.71, ,   25.00, ,   21.79, ,   20.91, 
4月,   24.35, ,   22.33, ,   21.31, ,   21.69, ,   26.00, ,   26.64, ,   30.14, ,   35.85, ,   32.58, ,   28.74, ,   22.18, ,   19.21, ,   18.49, ,   17.79, ,   18.58, ,   23.57, ,   22.51, ,   24.26, ,   20.59, ,   17.54, ,   16.52, ,   15.47, ,   14.34, ,   11.29, ,    3.19, ,    4.93, ,    4.17, ,    1.69, ,    0.95, ,    0.85, 
5月,    0.65, ,    0.97, ,    3.31, ,    3.79, ,    4.22, ,    3.99, ,   36.75, ,   97.15, ,   46.57, ,   26.03, ,   19.20, ,    9.18, ,    4.94, ,    4.54, ,    5.34, ,    3.60, ,    2.35, ,    1.57, ,    1.99, ,    2.53, ,    1.54, ,    1.12, ,    0.76, ,    1.00, ,    0.58, ,    0.43, ,    0.48, ,    0.56, ,    0.94, ,    0.81, ,    0.50, 
6月,    0.33, ,    2.09, ,    2.73, ,    0.58, ,    0.28, ,    0.21, ,    0.27, ,    0.35, ,   15.57, ,    6.08, ,    2.50, ,    3.01, ,    3.59, ,    2.80, ,    4.80, ,   57.47, ,   34.76, ,   13.85, ,    5.97, ,    3.59, ,    2.68, ,    3.37, ,    3.32, ,    4.14, ,    3.56, ,    2.97, ,    1.65, ,   11.21, ,   27.87, ,   18.49, 
7月,   18.84, ,    6.77, ,    4.87, ,    1.95, ,    1.44, ,    1.55, ,    0.98, ,   26.39, ,   17.14, ,    6.01, ,    4.24, ,    3.75, ,    3.33, ,    2.04, ,    4.80, ,    4.24, ,    2.90, ,    2.24, ,   43.80, ,   94.52, ,   49.23, ,   25.38, ,   20.68, ,   10.85, ,    4.83, ,    3.69, ,    2.52, ,    1.43, ,    0.82, ,    0.69, ,    0.55, 
8月,    0.48, ,    0.41, ,    0.33, ,    0.32, ,    0.32, ,    0.47, ,    0.34, ,    0.38, ,    0.33, ,    0.75, ,    0.67, ,    5.05, ,    6.08, ,    4.01, ,   18.01, ,    5.95, ,    4.02, ,    3.08, ,    5.39, ,    7.00, ,    6.63, ,    3.47, ,    2.52, ,    2.30, ,    1.87, ,    0.61, ,    0.43, ,    0.32, ,    0.22, ,    0.19, ,    0.33, 
9月,    0.31, ,    0.28, ,    0.31, ,    2.30, ,   31.68, ,  119.51, ,   51.84, ,   31.93, ,  139.62, ,   61.10, ,   41.66, ,   32.52, ,   43.47, ,   39.72, ,   34.94, ,   35.01, ,   32.07, ,   30.89, ,   24.20, ,   18.55, ,   17.79, ,   14.68, ,    7.40, ,    5.98, ,    6.65, ,    6.48, ,   22.27, ,   37.96, ,   27.84, ,   20.59, 
10月,   19.89, ,   13.35, ,    9.58, ,    8.19, ,    6.63, ,    9.68, ,    8.74, ,    7.83, ,    8.43, ,   12.09, ,   11.18, ,    8.71, ,    7.88, ,    6.06, ,   10.43, ,   10.35, ,    6.88, ,    6.20, ,    5.36, ,    5.06, ,    4.92, ,    5.48, ,    4.91, ,    4.57, ,    4.52, ,    4.79, ,    4.46, ,    4.16, ,    4.20, ,    4.13, ,    4.00, 
11月,    4.19, ,    4.20, ,    4.12, ,    4.12, ,    4.24, ,    4.04, ,    9.12, ,    5.13, ,    4.20, ,    4.36, ,    4.22, ,    4.13, ,    4.07, ,    3.90, ,    3.81, ,    3.71, ,    8.19, ,    8.49, ,    7.88, ,   10.25, ,   10.55, ,    6.89, ,    5.00, ,    4.86, ,    6.96, ,    5.15, ,    4.94, ,    4.90, ,   12.83, ,   17.00, 
12月,   13.42, ,   10.31, ,    8.26, ,    7.37, ,    6.96, ,    7.52, ,    8.08, ,   17.95, ,   17.38, ,   15.07, ,   14.78, ,   25.71, ,   21.12, ,   17.63, ,   20.36, ,   47.91, ,   37.24, ,   30.18, ,   30.38, ,   28.37, ,   26.52, ,   22.55, ,   12.44, ,   10.84, ,   10.21, ,   10.01, ,   11.28, ,    9.74, ,    7.72, ,    7.50, ,    7.61, 
