日流量年表検索結果
水系名,名取川
河川名,広瀬川
観測所名,広瀬橋
観測所記号,302021282206050
#
#月,1日データ,1日フラグ,,,,,,,,31日データ,31日フラグ,月平均データ,月平均フラグ
#  フラグの意味： $:欠測, -:未登録
#
,1日,,2日,,3日,,4日,,5日,,6日,,7日,,8日,,9日,,10日,,11日,,12日,,13日,,14日,,15日,,16日,,17日,,18日,,19日,,20日,,21日,,22日,,23日,,24日,,25日,,26日,,27日,,28日,,29日,,30日,,31日,
2014年
1月,    5.39, ,    7.32, ,    5.66, ,    5.34, ,    4.87, ,    4.34, ,    4.22, ,    3.45, ,    3.76, ,    3.17, ,    2.63, ,    2.51, ,    2.53, ,    2.31, ,    2.13, ,    3.35, ,    5.71, ,    5.42, ,    5.08, ,    4.98, ,    4.76, ,    4.42, ,    4.42, ,    4.39, ,    4.32, ,    6.15, ,    8.17, ,    6.21, ,    7.21, ,    5.47, ,   11.48, 
2月,   11.56, ,    9.18, ,   15.30, ,   27.57, ,   15.37, ,    9.61, ,    8.89, ,    7.18, ,    5.43, ,    5.23, ,    3.82, ,    3.77, ,    3.81, ,    3.48, ,    3.52, ,    5.13, ,    4.76, ,    3.77, ,    3.48, ,    3.66, ,    4.00, ,    3.21, ,    3.10, ,    3.29, ,    4.03, ,    5.64, ,    8.23, ,   22.29, 
3月,   25.47, ,   16.42, ,   12.28, ,    7.85, ,   10.61, ,   15.03, ,   11.18, ,    6.75, ,    6.50, ,    6.75, ,    5.98, ,    5.54, ,   10.98, ,   34.37, ,   23.27, ,   18.12, ,   18.43, ,   17.22, ,   24.09, ,   29.86, ,   33.98, ,   30.99, ,   28.48, ,   26.42, ,   33.03, ,   47.64, ,   61.47, ,   53.38, ,   53.43, ,   68.43, ,   72.60, 
4月,   52.31, ,   45.08, ,   48.78, ,  141.16, ,   83.55, ,   56.68, ,   42.38, ,   38.38, ,   37.17, ,   36.49, ,   35.06, ,   31.76, ,   32.09, ,   32.15, ,   32.86, ,   35.85, ,   34.22, ,   32.20, ,   29.78, ,   28.48, ,   28.59, ,   41.52, ,   30.63, ,   30.68, ,   36.61, ,   25.69, ,   23.48, ,   30.90, ,   47.29, ,   44.93, 
5月,   32.39, ,   30.81, ,   34.42, ,   15.79, ,   11.16, ,    8.91, ,    7.40, ,    7.09, ,    8.22, ,    9.76, ,    8.60, ,    9.14, ,    9.37, ,    7.64, ,    7.27, ,    8.06, ,    7.15, ,    5.98, ,    5.39, ,    5.04, ,   17.68, ,   37.20, ,   10.93, ,    7.56, ,    7.28, ,    8.16, ,   14.67, ,    9.29, ,    7.28, ,    6.45, ,    5.94, 
6月,    5.50, ,    5.10, ,    4.37, ,    3.31, ,    3.49, ,    6.81, ,   26.76, ,  200.42, ,  192.07, ,  107.84, ,   85.01, ,  236.42, ,  148.30, ,   63.99, ,   48.19, ,   40.94, ,   44.10, ,   66.41, ,   54.92, ,   18.33, ,    3.68, ,    2.03, ,    1.75, ,    3.57, ,    7.03, ,    7.14, ,    6.24, ,    8.13, ,   81.88, ,   46.85, 
7月,   22.39, ,   17.62, ,   14.01, ,   15.09, ,   16.91, ,   11.42, ,   10.84, ,   12.20, ,   16.17, ,   41.99, ,   33.39, ,   20.97, ,   15.48, ,   12.95, ,   10.25, ,   12.23, ,   18.52, ,   10.27, ,   19.59, ,   48.35, ,   28.70, ,   20.49, ,   17.02, ,   13.63, ,    9.73, ,    5.18, ,    5.25, ,    4.01, ,    3.27, ,    1.67, ,    7.40, 
8月,    6.24, ,    5.10, ,    2.30, ,    2.45, ,    3.08, ,    1.89, ,    4.32, ,   33.16, ,   41.22, ,   51.70, ,   64.70, ,   32.35, ,   24.00, ,   19.56, ,   14.98, ,   12.53, ,   11.53, ,    8.71, ,    7.94, ,    7.60, ,    6.70, ,    5.93, ,   19.44, ,   24.33, ,   33.17, ,   22.07, ,   24.81, ,   29.14, ,   24.65, ,   28.48, ,   23.19, 
9月,   20.48, ,   22.45, ,   22.01, ,   19.48, ,   18.57, ,   18.96, ,   19.52, ,   17.11, ,   15.47, ,   13.30, ,   32.50, ,   22.70, ,   15.50, ,   12.73, ,    8.79, ,    7.49, ,    4.92, ,    4.37, ,    3.88, ,    2.85, ,    2.80, ,    2.40, ,    1.93, ,    1.79, ,    7.31, ,    4.30, ,    2.65, ,    2.39, ,    2.09, ,    3.19, 
10月,    3.16, ,    3.13, ,    5.12, ,    3.73, ,    2.94, ,   74.83, ,   44.19, ,   26.33, ,   20.85, ,   10.07, ,    7.41, ,    6.69, ,   12.09, ,  178.69, ,   59.64, ,   39.70, ,   33.95, ,   28.07, ,   25.22, ,   23.65, ,   22.77, ,   24.81, ,   18.90, ,   12.70, ,    7.66, ,    7.16, ,    6.65, ,    4.04, ,    3.63, ,    3.56, ,    3.55, 
11月,    3.66, ,    4.55, ,    5.36, ,    4.15, ,    3.49, ,    3.36, ,    3.31, ,    2.80, ,    2.67, ,    2.91, ,    2.49, ,    2.36, ,    2.67, ,    4.95, ,    4.12, ,    3.74, ,    3.33, ,    3.35, ,    3.11, ,    2.63, ,    2.45, ,    2.52, ,    2.59, ,    2.54, ,    2.72, ,    8.75, ,   19.48, ,    9.82, ,   14.48, ,   17.41, 
12月,   29.66, ,   34.37, ,   40.28, ,   37.86, ,   31.78, ,   25.53, ,   20.78, ,   13.72, ,    7.11, ,    6.32, ,    4.23, ,    5.42, ,    4.54, ,    3.97, ,    3.64, ,    3.37, ,    5.44, ,    6.36, ,    5.48, ,    5.99, ,   18.96, ,   12.70, ,    9.94, ,    7.40, ,    8.30, ,    6.54, ,    5.74, ,    5.20, ,    5.12, ,    5.23, ,    5.90, 
