日流量年表検索結果
水系名,名取川
河川名,広瀬川
観測所名,広瀬橋
観測所記号,302021282206050
#
#月,1日データ,1日フラグ,,,,,,,,31日データ,31日フラグ,月平均データ,月平均フラグ
#  フラグの意味： $:欠測, -:未登録
#
,1日,,2日,,3日,,4日,,5日,,6日,,7日,,8日,,9日,,10日,,11日,,12日,,13日,,14日,,15日,,16日,,17日,,18日,,19日,,20日,,21日,,22日,,23日,,24日,,25日,,26日,,27日,,28日,,29日,,30日,,31日,
2013年
1月,    6.11, ,    5.60, ,    5.69, ,    4.99, ,    4.86, ,    4.72, ,    4.55, ,    4.39, ,    4.39, ,    4.39, ,    4.15, ,    3.93, ,    4.43, ,    4.74, ,    4.74, ,    4.32, ,    4.33, ,    4.22, ,    4.24, ,    4.18, ,    4.22, ,    4.53, ,    4.41, ,    4.37, ,    4.86, ,    4.86, ,    4.72, ,    4.55, ,    4.39, ,    4.35, ,    4.39, 
2月,    4.45, ,    5.15, ,    8.41, ,    6.00, ,    5.76, ,    5.49, ,    5.43, ,    5.34, ,    4.90, ,    4.92, ,    4.86, ,    4.34, ,    4.21, ,    4.05, ,    3.89, ,    3.94, ,    3.81, ,    4.02, ,    3.62, ,    3.31, ,    3.08, ,    3.04, ,    3.49, ,    3.31, ,    2.99, ,    3.41, ,    3.07, ,    3.26, 
3月,    4.09, ,    5.42, ,    5.33, ,    4.74, ,    4.74, ,    4.82, ,    6.63, ,    9.32, ,   17.49, ,   12.45, ,   10.74, ,    7.83, ,    7.32, ,    7.93, ,    7.83, ,    8.19, ,    8.92, ,    8.33, ,    8.72, ,    9.72, ,   10.88, ,    6.29, ,    2.89, ,    3.03, ,    2.90, ,    2.58, ,    2.05, ,    2.30, ,    3.24, ,    2.92, ,    2.41, 
4月,    2.47, ,    2.22, ,    4.80, ,    5.07, ,    4.22, ,    4.49, ,   44.58, ,   12.92, ,    7.33, ,    5.19, ,    3.92, ,    2.16, ,    1.90, ,    1.83, ,    1.86, ,    1.26, ,    1.33, ,    2.21, ,    2.41, ,    2.09, ,    3.46, ,    2.59, ,    2.05, ,    1.48, ,    1.15, ,-9999.00,$,    0.23, ,    0.02, ,    0.11, ,    0.31, 
5月,    0.60, ,    1.00, ,    0.05, ,    0.07, ,    0.07, ,    0.08, ,    0.09, ,    0.11, ,    0.21, ,    0.24, ,    0.20, ,    0.03, ,    0.05, ,    0.08, ,    0.25, ,    0.19, ,    0.08, ,    0.01, ,    0.00, ,    0.05, ,    0.00, ,    0.02, ,    0.04, ,    0.05, ,    0.04, ,    0.04, ,    0.04, ,    0.07, ,    0.05, ,    0.00, ,    0.03, 
6月,    0.09, ,    0.12, ,    0.11, ,    0.11, ,    0.18, ,-9999.00,$,    0.36, ,    0.44, ,    0.42, ,    0.36, ,    0.47, ,    1.08, ,    1.24, ,    1.09, ,    1.35, ,    1.29, ,    0.90, ,    0.78, ,    9.51, ,    2.96, ,    0.83, ,    0.66, ,    0.52, ,    0.41, ,    0.29, ,    0.45, ,    2.93, ,    1.01, ,    0.91, ,    0.92, 
7月,    0.87, ,    0.75, ,    4.98, ,    7.55, ,    1.73, ,    1.22, ,    1.01, ,    4.84, ,    8.11, ,    2.62, ,    1.79, ,    3.09, ,    2.76, ,    1.89, ,   19.74, ,   14.17, ,   11.92, ,  149.16, ,   75.89, ,   35.52, ,   17.20, ,   22.40, ,   38.47, ,   19.87, ,   16.37, ,   37.12, ,   48.27, ,   69.72, ,   60.91, ,   44.30, ,   35.44, 
8月,   54.98, ,   48.77, ,   42.43, ,   31.06, ,   23.91, ,   57.80, ,   51.38, ,   27.04, ,   18.62, ,   14.69, ,   11.48, ,    8.61, ,    7.30, ,    6.95, ,    6.24, ,    6.07, ,    5.74, ,    5.48, ,    5.39, ,    9.39, ,    5.99, ,    4.99, ,    4.18, ,    4.87, ,    4.09, ,    3.58, ,    3.21, ,    2.54, ,    2.66, ,    3.26, ,    4.41, 
9月,    5.93, ,    5.52, ,    4.72, ,    5.51, ,   14.13, ,    5.57, ,    2.97, ,   38.33, ,   17.47, ,    9.89, ,    5.86, ,    5.26, ,    4.92, ,    6.55, ,   22.77, ,   75.10, ,   45.30, ,   23.78, ,   15.89, ,   12.45, ,   10.85, ,    9.87, ,    8.97, ,    8.87, ,    8.39, ,    7.53, ,    7.14, ,    6.35, ,    6.24, ,    6.32, 
10月,    5.80, ,    4.51, ,    3.97, ,    3.87, ,    3.65, ,    4.01, ,    4.87, ,    4.12, ,    2.93, ,    2.55, ,    3.70, ,    5.40, ,    5.18, ,    4.65, ,    5.35, ,   70.62, ,   32.94, ,   18.83, ,   13.94, ,   21.75, ,   45.36, ,   33.58, ,   37.03, ,   44.75, ,   64.09, ,   62.67, ,   44.97, ,   36.20, ,   29.86, ,   23.45, ,   19.79, 
11月,   13.80, ,   12.49, ,   11.96, ,   13.20, ,   11.20, ,    9.46, ,    6.04, ,    5.83, ,    5.28, ,    5.19, ,    6.52, ,    5.88, ,    5.61, ,    5.13, ,    5.38, ,    5.51, ,    5.22, ,    4.92, ,    4.61, ,    4.88, ,    5.14, ,    5.61, ,    5.20, ,    4.86, ,    4.68, ,    5.25, ,    5.39, ,    5.12, ,    5.15, ,    5.27, 
12月,    5.37, ,    5.45, ,    5.42, ,    5.08, ,    4.85, ,    4.66, ,    5.11, ,    4.84, ,    4.50, ,    4.27, ,    5.32, ,    5.45, ,    5.44, ,    5.92, ,    5.92, ,    5.82, ,    5.78, ,    5.55, ,    5.21, ,   44.19, ,   29.95, ,   15.40, ,   11.10, ,    8.26, ,    6.57, ,    5.77, ,    5.36, ,    5.28, ,    4.85, ,    4.64, ,    4.76, 
