日流量年表検索結果
水系名,名取川
河川名,広瀬川
観測所名,広瀬橋
観測所記号,302021282206050
#
#月,1日データ,1日フラグ,,,,,,,,31日データ,31日フラグ,月平均データ,月平均フラグ
#  フラグの意味： $:欠測, -:未登録
#
,1日,,2日,,3日,,4日,,5日,,6日,,7日,,8日,,9日,,10日,,11日,,12日,,13日,,14日,,15日,,16日,,17日,,18日,,19日,,20日,,21日,,22日,,23日,,24日,,25日,,26日,,27日,,28日,,29日,,30日,,31日,
2016年
1月,    9.39, ,    9.20, ,   10.97, ,   12.08, ,   11.15, ,   10.32, ,    9.19, ,    5.81, ,    5.41, ,    4.90, ,    4.78, ,    4.48, ,    4.46, ,    4.37, ,    4.22, ,    4.17, ,    4.04, ,    5.91, ,    7.50, ,    6.21, ,    5.85, ,    5.73, ,    5.47, ,    5.71, ,    5.30, ,    5.14, ,    5.65, ,    6.81, ,    7.17, ,    7.00, ,    6.36, 
2月,    6.14, ,    5.73, ,    5.67, ,    5.60, ,    5.60, ,    5.67, ,    5.32, ,    4.87, ,    5.08, ,    5.45, ,    5.18, ,    4.99, ,    6.20, ,   29.13, ,   40.14, ,   17.05, ,   11.39, ,    9.08, ,    7.89, ,    9.07, ,   26.91, ,   18.18, ,   12.06, ,    9.93, ,    8.07, ,    7.26, ,    6.79, ,    6.68, ,    6.52, 
3月,    6.68, ,    6.10, ,    6.13, ,    6.71, ,    5.93, ,    6.44, ,   11.11, ,   20.14, ,   20.13, ,   10.79, ,    7.83, ,    6.87, ,    6.28, ,    6.16, ,    5.71, ,    5.28, ,    5.14, ,    6.09, ,    7.30, ,    8.26, ,    6.73, ,    5.93, ,    5.58, ,    4.79, ,    4.10, ,    3.89, ,    3.81, ,    3.78, ,    3.84, ,    3.95, ,    6.13, 
4月,    5.43, ,    4.96, ,    5.24, ,   13.52, ,   10.36, ,    7.21, ,   43.80, ,   56.16, ,   31.84, ,   30.29, ,   25.63, ,   15.93, ,   13.91, ,   18.86, ,   15.73, ,   15.14, ,   15.17, ,   14.80, ,   12.37, ,   10.21, ,    7.89, ,    8.37, ,    7.98, ,    7.65, ,    5.78, ,    3.80, ,    2.83, ,   23.27, ,   33.46, ,    9.76, 
5月,   14.03, ,   17.77, ,    7.88, ,    7.74, ,    5.77, ,    4.06, ,    2.77, ,    2.16, ,    1.31, ,    6.29, ,   12.27, ,    4.74, ,    3.38, ,    2.96, ,    3.00, ,    2.78, ,    7.54, ,    3.55, ,    2.32, ,    2.61, ,    2.60, ,    2.57, ,    2.29, ,    2.13, ,    2.06, ,    1.29, ,    2.58, ,    1.70, ,    1.17, ,    1.02, ,    1.01, 
6月,    0.95, ,    0.91, ,    0.87, ,    0.88, ,    0.89, ,    0.91, ,    0.91, ,    0.93, ,    1.06, ,    1.09, ,    0.93, ,    0.88, ,    3.32, ,    5.15, ,    1.81, ,    2.12, ,    3.28, ,    2.14, ,    1.15, ,    1.47, ,    1.88, ,    1.64, ,   23.55, ,   23.70, ,   32.70, ,   16.00, ,    8.84, ,   12.43, ,    9.51, ,    8.60, 
7月,    8.04, ,    3.17, ,    3.45, ,    3.36, ,    5.04, ,   20.18, ,   35.89, ,   18.45, ,   17.96, ,   13.56, ,    8.49, ,    6.64, ,    7.45, ,    7.79, ,    3.69, ,    3.08, ,    2.88, ,    2.86, ,    2.17, ,    1.67, ,    2.00, ,    2.10, ,    1.54, ,    1.36, ,    1.27, ,    1.08, ,    1.13, ,    1.22, ,    1.16, ,    1.34, ,    2.08, 
8月,    2.31, ,   12.44, ,   18.40, ,   12.64, ,    4.07, ,    3.24, ,    2.92, ,    2.93, ,    3.66, ,    2.63, ,    2.24, ,    1.90, ,    1.58, ,    1.40, ,    1.36, ,    2.67, ,  114.87, ,   56.17, ,   29.74, ,   28.99, ,   38.80, ,   64.00, ,  174.16, ,   73.36, ,   41.20, ,   27.44, ,   24.96, ,   16.73, ,   30.11, ,  166.84, ,  101.31, 
9月,   51.03, ,   30.82, ,   27.14, ,   19.19, ,   15.48, ,   13.66, ,   23.12, ,   55.03, ,   55.91, ,   26.81, ,   22.85, ,   19.60, ,   79.40, ,   53.00, ,   33.72, ,   27.50, ,   28.78, ,   27.97, ,   20.14, ,   29.50, ,   45.07, ,   34.74, ,   55.91, ,   36.07, ,   27.75, ,   23.55, ,   22.23, ,   19.11, ,   24.89, ,   20.16, 
10月,   16.84, ,   15.32, ,   14.43, ,   13.98, ,   12.30, ,   12.99, ,   11.87, ,   11.87, ,   11.93, ,   11.34, ,   10.84, ,   10.53, ,   10.31, ,   10.27, ,    9.96, ,    9.98, ,   10.08, ,    9.88, ,    9.52, ,    9.06, ,    8.57, ,    6.19, ,    5.97, ,    5.87, ,    5.65, ,    5.88, ,    5.59, ,    5.44, ,    5.91, ,    5.20, ,    4.91, 
11月,    4.90, ,    5.34, ,    4.90, ,    4.82, ,    5.03, ,    4.51, ,    4.37, ,    3.79, ,    4.14, ,    3.71, ,    6.09, ,    6.85, ,    4.57, ,    3.66, ,    3.60, ,    3.51, ,    3.29, ,    3.16, ,    3.82, ,    3.83, ,    3.20, ,    2.52, ,    2.31, ,    2.22, ,    2.12, ,    1.96, ,    1.90, ,    2.27, ,    2.28, ,    2.10, 
12月,    2.08, ,    1.84, ,    2.08, ,    2.13, ,    2.14, ,    3.01, ,    5.14, ,    3.93, ,    3.12, ,    3.35, ,    3.37, ,    3.26, ,    2.78, ,    9.37, ,    6.44, ,    4.72, ,    3.99, ,    3.55, ,    4.12, ,    5.33, ,    5.68, ,    5.76, ,    6.02, ,    5.91, ,    4.59, ,    3.67, ,    3.34, ,    3.21, ,    2.93, ,    2.87, ,    2.57, 
