日水位年表検索結果
水系名,名取川
河川名,広瀬川
観測所名,広瀬橋
観測所記号,302021282206050
#
#月,1日データ,1日フラグ,,,,,,,,31日データ,31日フラグ,月平均データ,月平均フラグ
#  フラグの意味： $:欠測, -:未登録
#
,1日,,2日,,3日,,4日,,5日,,6日,,7日,,8日,,9日,,10日,,11日,,12日,,13日,,14日,,15日,,16日,,17日,,18日,,19日,,20日,,21日,,22日,,23日,,24日,,25日,,26日,,27日,,28日,,29日,,30日,,31日,
2015年
1月,   -0.98, ,   -1.01, ,   -1.03, ,   -1.04, ,   -1.04, ,   -1.04, ,   -1.02, ,   -1.03, ,   -1.04, ,   -1.05, ,   -1.06, ,   -1.06, ,   -1.06, ,   -1.06, ,   -1.06, ,   -1.04, ,   -1.05, ,   -1.06, ,   -1.07, ,   -1.06, ,   -1.07, ,   -1.07, ,   -1.04, ,   -1.04, ,   -1.06, ,   -1.06, ,   -1.06, ,   -1.05, ,   -1.07, ,   -1.08, ,   -1.05, 
2月,   -1.04, ,   -1.06, ,   -1.08, ,   -1.08, ,   -1.09, ,   -1.09, ,   -1.09, ,   -1.08, ,   -1.09, ,   -1.10, ,   -1.10, ,   -1.09, ,   -1.07, ,   -1.09, ,   -1.08, ,   -1.09, ,   -1.09, ,   -1.04, ,   -1.03, ,   -1.04, ,   -1.05, ,   -1.06, ,   -1.03, ,   -0.93, ,   -0.92, ,   -0.97, ,   -0.97, ,   -0.99, 
3月,   -0.98, ,   -0.75, ,   -0.87, ,   -0.81, ,   -0.80, ,   -0.84, ,   -0.89, ,   -0.91, ,   -0.77, ,   -0.11, ,   -0.57, ,   -0.69, ,   -0.75, ,   -0.78, ,   -0.79, ,   -0.83, ,   -0.81, ,   -0.77, ,   -0.62, ,   -0.64, ,   -0.70, ,   -0.76, ,   -0.77, ,   -0.82, ,   -0.86, ,   -0.88, ,   -0.88, ,   -0.84, ,   -0.81, ,   -0.74, ,   -0.73, 
4月,   -0.71, ,   -0.71, ,   -0.74, ,   -0.69, ,   -0.72, ,   -0.68, ,   -0.64, ,   -0.73, ,   -0.80, ,   -0.82, ,   -0.77, ,   -0.78, ,   -0.79, ,   -0.70, ,   -0.51, ,   -0.46, ,   -0.62, ,   -0.69, ,   -0.73, ,   -0.76, ,   -0.68, ,   -0.74, ,   -0.76, ,   -0.78, ,   -0.81, ,   -0.84, ,   -0.86, ,   -0.88, ,   -0.88, ,   -0.90, 
5月,   -0.90, ,   -0.92, ,   -0.94, ,   -0.96, ,   -0.99, ,   -1.03, ,   -1.05, ,   -1.10, ,   -1.10, ,   -1.10, ,   -1.13, ,   -1.20, ,   -1.15, ,   -1.13, ,   -1.11, ,   -0.98, ,   -1.07, ,   -1.10, ,   -1.01, ,   -1.07, ,   -1.09, ,   -1.10, ,   -1.11, ,   -1.11, ,   -1.11, ,   -1.11, ,   -1.11, ,   -1.12, ,   -1.11, ,   -1.11, ,   -1.11, 
6月,   -1.12, ,   -1.12, ,   -1.12, ,   -1.12, ,   -1.12, ,   -1.06, ,   -1.10, ,   -1.12, ,   -1.03, ,   -1.08, ,   -1.12, ,   -1.13, ,   -1.12, ,   -1.13, ,   -1.12, ,   -1.13, ,   -1.13, ,   -1.13, ,   -1.13, ,   -1.12, ,   -1.12, ,   -1.12, ,   -1.13, ,   -1.10, ,   -1.10, ,   -1.09, ,   -0.68, ,   -0.79, ,   -0.91, ,   -0.98, 
7月,   -0.95, ,   -0.96, ,   -0.99, ,   -1.02, ,   -1.03, ,   -1.05, ,   -1.04, ,   -1.06, ,   -1.03, ,   -1.06, ,   -1.07, ,   -1.08, ,   -1.11, ,   -1.11, ,   -1.12, ,   -1.03, ,   -1.05, ,   -1.10, ,   -1.10, ,   -1.10, ,   -1.13, ,   -1.15, ,   -1.15, ,   -1.13, ,   -1.09, ,   -1.15, ,   -1.15, ,   -1.15, ,   -1.15, ,   -1.17, ,   -1.14, 
8月,   -1.15, ,   -1.17, ,   -1.18, ,   -1.16, ,   -1.16, ,   -1.20, ,   -1.22, ,   -1.20, ,   -1.17, ,   -1.18, ,   -1.13, ,   -1.04, ,   -1.10, ,   -0.97, ,   -1.08, ,   -1.13, ,   -0.81, ,   -0.65, ,   -0.96, ,   -1.04, ,   -1.01, ,   -0.95, ,   -1.02, ,   -1.04, ,   -1.06, ,   -1.03, ,   -0.90, ,   -0.91, ,   -0.87, ,   -0.79, ,   -0.78, 
9月,   -0.86, ,   -0.87, ,   -0.90, ,   -0.92, ,   -0.97, ,   -0.94, ,   -0.78, ,   -0.73, ,   -0.60, ,    0.13, ,    0.75, ,   -0.46, ,   -0.74, ,   -0.81, ,   -0.85, ,   -0.88, ,   -0.88, ,   -0.74, ,   -0.82, ,   -0.87, ,   -0.89, ,   -0.91, ,   -0.93, ,   -0.94, ,   -0.93, ,   -0.89, ,   -0.92, ,   -0.94, ,   -0.95, ,   -0.95, 
10月,   -0.96, ,   -0.94, ,   -0.96, ,   -0.97, ,   -0.97, ,   -0.98, ,   -0.98, ,   -0.99, ,   -0.98, ,   -0.98, ,   -0.98, ,   -0.98, ,   -0.99, ,   -1.03, ,   -1.05, ,   -1.05, ,   -1.05, ,   -1.05, ,   -1.06, ,   -1.07, ,   -1.06, ,   -1.07, ,   -1.06, ,   -1.07, ,   -1.07, ,   -1.08, ,   -1.11, ,   -1.12, ,   -1.11, ,   -1.12, ,   -1.11, 
11月,   -1.12, ,   -1.08, ,   -1.08, ,   -1.11, ,   -1.11, ,   -1.11, ,   -1.12, ,   -1.07, ,   -1.02, ,   -1.00, ,   -1.05, ,   -1.08, ,   -1.08, ,   -0.94, ,   -0.79, ,   -0.90, ,   -0.98, ,   -1.02, ,   -0.96, ,   -1.00, ,   -1.03, ,   -1.05, ,   -1.05, ,   -1.00, ,   -1.04, ,   -0.89, ,   -0.86, ,   -0.92, ,   -0.96, ,   -1.00, 
12月,   -1.01, ,   -1.03, ,   -1.04, ,   -0.98, ,   -0.88, ,   -0.88, ,   -0.94, ,   -0.99, ,   -1.01, ,   -1.03, ,   -0.89, ,   -0.84, ,   -0.92, ,   -0.96, ,   -0.99, ,   -1.01, ,   -1.01, ,   -1.02, ,   -0.98, ,   -0.99, ,   -0.99, ,   -0.99, ,   -1.00, ,   -1.01, ,   -1.01, ,   -1.01, ,   -0.99, ,   -1.01, ,   -1.01, ,   -1.02, ,   -1.02, 
