日水位年表検索結果
水系名,名取川
河川名,広瀬川
観測所名,広瀬橋
観測所記号,302021282206050
#
#月,1日データ,1日フラグ,,,,,,,,31日データ,31日フラグ,月平均データ,月平均フラグ
#  フラグの意味： $:欠測, -:未登録
#
,1日,,2日,,3日,,4日,,5日,,6日,,7日,,8日,,9日,,10日,,11日,,12日,,13日,,14日,,15日,,16日,,17日,,18日,,19日,,20日,,21日,,22日,,23日,,24日,,25日,,26日,,27日,,28日,,29日,,30日,,31日,
2024年
1月,   -1.13, ,   -1.14, ,   -1.14, ,   -1.14, ,   -1.16, ,   -1.16, ,   -1.16, ,   -1.16, ,   -1.17, ,   -1.18, ,   -1.19, ,   -1.20, ,   -1.21, ,   -1.22, ,   -1.22, ,   -1.22, ,   -1.22, ,   -1.22, ,   -1.19, ,   -1.19, ,   -0.49, ,   -0.57, ,   -0.76, ,   -0.86, ,   -0.92, ,   -0.97, ,   -1.00, ,   -1.01, ,   -1.03, ,   -1.06, ,   -1.06, 
2月,   -1.08, ,   -1.10, ,   -1.10, ,   -1.11, ,   -1.13, ,   -1.14, ,   -1.15, ,   -1.16, ,   -1.18, ,   -1.18, ,   -1.18, ,   -1.19, ,   -1.19, ,   -1.19, ,   -1.13, ,   -1.05, ,   -1.06, ,   -1.07, ,   -1.08, ,   -1.03, ,   -1.00, ,   -1.02, ,   -1.08, ,   -1.09, ,   -1.13, ,   -1.07, ,   -1.10, ,   -1.13, ,   -1.15, 
3月,   -1.03, ,   -1.01, ,   -1.07, ,   -1.09, ,   -1.12, ,   -1.11, ,   -1.12, ,   -1.13, ,   -1.13, ,   -1.15, ,   -1.15, ,   -1.11, ,   -1.02, ,   -1.07, ,   -1.06, ,   -1.01, ,   -1.02, ,   -1.01, ,   -1.06, ,   -1.08, ,   -1.10, ,   -1.12, ,   -1.13, ,   -1.13, ,   -1.10, ,   -1.03, ,   -0.98, ,   -1.00, ,   -0.89, ,   -0.86, ,   -0.94, 
4月,   -0.99, ,   -1.02, ,   -1.05, ,   -1.06, ,   -1.06, ,   -1.09, ,   -1.08, ,   -1.06, ,   -0.71, ,   -0.74, ,   -0.85, ,   -0.91, ,   -0.94, ,   -0.95, ,   -0.96, ,   -0.97, ,   -0.98, ,   -0.99, ,   -1.03, ,   -1.03, ,   -1.04, ,   -1.04, ,   -1.08, ,   -1.04, ,   -1.02, ,   -1.08, ,   -1.16, ,   -1.23, ,   -1.32, ,   -1.32, 
5月,   -1.20, ,   -1.21, ,   -1.18, ,   -1.20, ,   -1.20, ,   -1.24, ,   -1.27, ,   -1.47, ,   -1.53, ,   -1.54, ,   -1.53, ,   -1.53, ,   -1.21, ,   -1.23, ,   -1.40, ,   -1.46, ,   -1.44, ,   -1.53, ,   -1.57, ,   -1.53, ,   -1.55, ,   -1.56, ,   -1.57, ,   -1.57, ,   -1.57, ,   -1.57, ,   -1.56, ,   -1.41, ,   -1.13, ,   -1.35, ,   -1.45, 
6月,   -1.35, ,   -1.21, ,   -0.94, ,   -1.12, ,   -1.20, ,   -1.30, ,   -1.40, ,   -1.46, ,   -1.50, ,   -1.52, ,   -1.52, ,   -1.54, ,   -1.56, ,   -1.56, ,   -1.57, ,   -1.57, ,   -1.57, ,   -1.56, ,   -1.58, ,   -1.59, ,   -1.59, ,   -1.58, ,   -1.51, ,   -1.46, ,   -1.50, ,   -1.55, ,   -1.57, ,   -1.57, ,   -1.58, ,   -1.59, 
7月,   -1.58, ,   -1.58, ,   -1.58, ,   -1.57, ,   -1.59, ,   -1.60, ,   -1.63, ,   -1.34, ,   -1.13, ,   -1.16, ,   -0.99, ,   -1.15, ,   -1.26, ,   -1.40, ,   -1.43, ,   -1.48, ,   -1.51, ,   -1.42, ,   -1.34, ,   -1.40, ,   -1.27, ,   -1.50, ,   -1.55, ,   -1.56, ,   -1.27, ,   -0.99, ,   -1.10, ,   -1.15, ,   -1.20, ,   -1.27, ,   -1.27, 
8月,   -1.34, ,   -1.45, ,   -1.51, ,   -1.55, ,   -1.57, ,   -1.58, ,   -1.58, ,   -1.54, ,   -1.55, ,   -1.27, ,   -1.14, ,   -1.22, ,   -1.31, ,   -1.26, ,   -1.38, ,   -1.37, ,   -1.22, ,   -1.43, ,   -1.49, ,   -1.50, ,   -1.51, ,   -1.51, ,   -1.52, ,   -1.41, ,   -1.35, ,   -1.23, ,   -1.31, ,   -1.42, ,   -1.39, ,   -1.15, ,   -1.26, 
9月,   -1.32, ,   -1.36, ,   -1.36, ,   -1.40, ,   -1.44, ,   -1.47, ,   -1.47, ,   -1.48, ,   -1.48, ,   -1.43, ,   -1.22, ,   -1.22, ,   -1.24, ,   -1.18, ,   -1.13, ,   -1.11, ,   -1.15, ,   -1.18, ,   -1.19, ,   -1.12, ,   -0.65, ,   -0.47, ,   -0.70, ,   -0.83, ,   -0.89, ,   -0.94, ,   -0.98, ,   -1.00, ,   -1.01, ,   -1.02, 
10月,   -1.02, ,   -1.02, ,   -1.03, ,   -1.00, ,   -1.00, ,   -1.02, ,   -0.99, ,   -0.95, ,   -0.93, ,   -0.98, ,   -1.00, ,   -1.02, ,   -1.02, ,   -1.03, ,   -1.04, ,   -1.04, ,   -1.05, ,   -1.15, ,   -1.15, ,   -1.16, ,   -1.17, ,   -1.20, ,   -1.20, ,   -1.20, ,   -1.20, ,   -1.21, ,   -1.21, ,   -1.21, ,   -1.21, ,   -1.14, ,   -1.18, 
11月,   -1.20, ,   -1.16, ,   -1.10, ,   -1.17, ,   -1.19, ,   -1.18, ,   -1.19, ,   -1.19, ,   -1.19, ,   -1.20, ,   -1.21, ,   -1.21, ,   -1.22, ,   -1.23, ,   -1.22, ,   -1.22, ,   -1.21, ,   -1.20, ,   -1.21, ,   -1.22, ,   -1.22, ,   -1.23, ,   -1.21, ,   -1.18, ,   -1.21, ,   -1.21, ,   -1.19, ,   -1.21, ,   -1.19, ,   -1.16, 
12月,   -1.15, ,   -1.17, ,   -1.18, ,   -1.18, ,   -1.18, ,   -1.17, ,   -1.14, ,   -1.17, ,   -1.18, ,   -1.17, ,   -1.17, ,   -1.16, ,   -1.18, ,   -1.18, ,   -1.18, ,   -1.16, ,   -1.17, ,   -1.18, ,   -1.19, ,   -1.20, ,   -1.19, ,   -1.17, ,   -1.18, ,   -1.18, ,   -1.18, ,   -1.18, ,   -1.14, ,   -1.16, ,   -1.18, ,   -1.18, ,   -1.18, 
