日水位年表検索結果
水系名,名取川
河川名,広瀬川
観測所名,広瀬橋
観測所記号,302021282206050
#
#月,1日データ,1日フラグ,,,,,,,,31日データ,31日フラグ,月平均データ,月平均フラグ
#  フラグの意味： $:欠測, -:未登録
#
,1日,,2日,,3日,,4日,,5日,,6日,,7日,,8日,,9日,,10日,,11日,,12日,,13日,,14日,,15日,,16日,,17日,,18日,,19日,,20日,,21日,,22日,,23日,,24日,,25日,,26日,,27日,,28日,,29日,,30日,,31日,
2014年
1月,   -1.01, ,   -0.97, ,   -1.00, ,   -1.01, ,   -1.02, ,   -1.04, ,   -1.04, ,   -1.07, ,   -1.06, ,   -1.08, ,   -1.09, ,   -1.10, ,   -1.10, ,   -1.11, ,   -1.12, ,   -1.08, ,   -1.00, ,   -1.01, ,   -1.02, ,   -1.02, ,   -1.03, ,   -1.04, ,   -1.04, ,   -1.04, ,   -1.04, ,   -1.00, ,   -0.95, ,   -0.99, ,   -0.97, ,   -1.01, ,   -0.93, 
2月,   -0.92, ,   -0.94, ,   -0.89, ,   -0.78, ,   -0.88, ,   -0.94, ,   -0.95, ,   -0.97, ,   -1.01, ,   -1.02, ,   -1.05, ,   -1.06, ,   -1.06, ,   -1.07, ,   -1.06, ,   -1.02, ,   -1.03, ,   -1.06, ,   -1.07, ,   -1.06, ,   -1.05, ,   -1.07, ,   -1.08, ,   -1.07, ,   -1.05, ,   -1.00, ,   -0.95, ,   -0.83, 
3月,   -0.80, ,   -0.88, ,   -0.91, ,   -0.96, ,   -0.93, ,   -0.89, ,   -0.92, ,   -0.98, ,   -0.98, ,   -0.98, ,   -1.00, ,   -1.01, ,   -0.94, ,   -0.73, ,   -0.81, ,   -0.86, ,   -0.86, ,   -0.87, ,   -0.81, ,   -0.76, ,   -0.73, ,   -0.75, ,   -0.77, ,   -0.79, ,   -0.74, ,   -0.64, ,   -0.55, ,   -0.60, ,   -0.60, ,   -0.51, ,   -0.49, 
4月,   -0.61, ,   -0.65, ,   -0.63, ,   -0.14, ,   -0.42, ,   -0.58, ,   -0.67, ,   -0.70, ,   -0.70, ,   -0.71, ,   -0.72, ,   -0.74, ,   -0.74, ,   -0.74, ,   -0.74, ,   -0.71, ,   -0.73, ,   -0.74, ,   -0.76, ,   -0.77, ,   -0.77, ,   -0.68, ,   -0.75, ,   -0.75, ,   -0.71, ,   -0.79, ,   -0.81, ,   -0.76, ,   -0.64, ,   -0.65, 
5月,   -0.75, ,   -0.76, ,   -0.73, ,   -0.88, ,   -0.92, ,   -0.95, ,   -0.96, ,   -0.97, ,   -0.95, ,   -0.94, ,   -0.95, ,   -0.94, ,   -0.94, ,   -0.96, ,   -0.97, ,   -0.95, ,   -0.97, ,   -1.00, ,   -1.01, ,   -1.02, ,   -0.89, ,   -0.72, ,   -0.93, ,   -0.96, ,   -0.97, ,   -0.95, ,   -0.89, ,   -0.94, ,   -0.97, ,   -0.98, ,   -1.00, 
6月,   -1.01, ,   -1.02, ,   -1.04, ,   -1.07, ,   -1.07, ,   -0.99, ,   -0.80, ,    0.08, ,    0.06, ,   -0.30, ,   -0.41, ,    0.17, ,   -0.12, ,   -0.54, ,   -0.63, ,   -0.68, ,   -0.66, ,   -0.52, ,   -0.60, ,   -0.87, ,   -1.06, ,   -1.12, ,   -1.13, ,   -1.08, ,   -0.97, ,   -0.97, ,   -0.99, ,   -0.96, ,   -0.46, ,   -0.65, 
7月,   -0.82, ,   -0.87, ,   -0.90, ,   -0.89, ,   -0.87, ,   -0.92, ,   -0.93, ,   -0.91, ,   -0.88, ,   -0.67, ,   -0.73, ,   -0.84, ,   -0.88, ,   -0.91, ,   -0.93, ,   -0.91, ,   -0.86, ,   -0.93, ,   -0.85, ,   -0.63, ,   -0.77, ,   -0.84, ,   -0.87, ,   -0.90, ,   -0.94, ,   -1.02, ,   -1.01, ,   -1.05, ,   -1.07, ,   -1.13, ,   -1.04, 
8月,   -1.03, ,   -1.04, ,   -1.11, ,   -1.10, ,   -1.08, ,   -1.12, ,   -1.04, ,   -0.84, ,   -0.68, ,   -0.62, ,   -0.53, ,   -0.74, ,   -0.81, ,   -0.85, ,   -0.89, ,   -0.91, ,   -0.92, ,   -0.95, ,   -0.96, ,   -0.96, ,   -0.98, ,   -1.00, ,   -0.85, ,   -0.84, ,   -0.74, ,   -0.83, ,   -0.80, ,   -0.77, ,   -0.80, ,   -0.77, ,   -0.81, 
9月,   -0.84, ,   -0.82, ,   -0.83, ,   -0.85, ,   -0.86, ,   -0.85, ,   -0.85, ,   -0.87, ,   -0.88, ,   -0.90, ,   -0.78, ,   -0.82, ,   -0.88, ,   -0.91, ,   -0.95, ,   -0.96, ,   -1.02, ,   -1.04, ,   -1.05, ,   -1.09, ,   -1.09, ,   -1.10, ,   -1.12, ,   -1.13, ,   -0.97, ,   -1.04, ,   -1.09, ,   -1.10, ,   -1.12, ,   -1.08, 
10月,   -1.08, ,   -1.08, ,   -1.02, ,   -1.06, ,   -1.08, ,   -0.50, ,   -0.66, ,   -0.79, ,   -0.84, ,   -0.93, ,   -0.96, ,   -0.98, ,   -0.93, ,   -0.04, ,   -0.56, ,   -0.69, ,   -0.73, ,   -0.77, ,   -0.80, ,   -0.81, ,   -0.82, ,   -0.80, ,   -0.85, ,   -0.91, ,   -0.96, ,   -0.97, ,   -0.98, ,   -1.05, ,   -1.06, ,   -1.06, ,   -1.06, 
11月,   -1.06, ,   -1.03, ,   -1.01, ,   -1.04, ,   -1.07, ,   -1.07, ,   -1.07, ,   -1.09, ,   -1.09, ,   -1.08, ,   -1.10, ,   -1.11, ,   -1.09, ,   -1.02, ,   -1.05, ,   -1.06, ,   -1.07, ,   -1.07, ,   -1.08, ,   -1.09, ,   -1.10, ,   -1.10, ,   -1.10, ,   -1.10, ,   -1.09, ,   -0.99, ,   -0.85, ,   -0.94, ,   -0.90, ,   -0.87, 
12月,   -0.76, ,   -0.72, ,   -0.68, ,   -0.70, ,   -0.74, ,   -0.79, ,   -0.84, ,   -0.90, ,   -0.97, ,   -0.99, ,   -1.04, ,   -1.01, ,   -1.03, ,   -1.05, ,   -1.06, ,   -1.07, ,   -1.01, ,   -0.99, ,   -1.01, ,   -1.00, ,   -0.85, ,   -0.91, ,   -0.93, ,   -0.96, ,   -0.95, ,   -0.98, ,   -1.00, ,   -1.02, ,   -1.02, ,   -1.01, ,   -1.00, 
