日水位年表検索結果
水系名,名取川
河川名,広瀬川
観測所名,広瀬橋
観測所記号,302021282206050
#
#月,1日データ,1日フラグ,,,,,,,,31日データ,31日フラグ,月平均データ,月平均フラグ
#  フラグの意味： $:欠測, -:未登録
#
,1日,,2日,,3日,,4日,,5日,,6日,,7日,,8日,,9日,,10日,,11日,,12日,,13日,,14日,,15日,,16日,,17日,,18日,,19日,,20日,,21日,,22日,,23日,,24日,,25日,,26日,,27日,,28日,,29日,,30日,,31日,
2020年
1月,   -1.03, ,   -1.05, ,   -1.07, ,   -1.08, ,   -1.08, ,   -1.09, ,   -1.10, ,   -1.05, ,   -0.97, ,   -0.96, ,   -1.01, ,   -1.04, ,   -1.05, ,   -1.07, ,   -1.05, ,   -1.07, ,   -1.08, ,   -1.10, ,   -1.10, ,   -1.11, ,   -1.11, ,   -1.10, ,   -1.10, ,   -1.09, ,   -1.09, ,   -1.10, ,   -1.11, ,   -1.09, ,   -0.69, ,   -0.74, ,   -0.87, 
2月,   -0.94, ,   -0.98, ,   -1.02, ,   -1.02, ,   -1.04, ,   -1.05, ,   -1.07, ,   -1.08, ,   -1.08, ,   -1.09, ,   -1.08, ,   -1.10, ,   -1.09, ,   -1.01, ,   -1.00, ,   -1.00, ,   -0.96, ,   -0.97, ,   -1.01, ,   -1.04, ,   -1.07, ,   -1.07, ,   -1.01, ,   -1.02, ,   -1.02, ,   -1.01, ,   -1.02, ,   -1.05, ,   -1.06, 
3月,   -1.06, ,   -1.06, ,   -1.05, ,   -1.06, ,   -1.04, ,   -1.05, ,   -1.06, ,   -1.07, ,   -1.05, ,   -0.92, ,   -0.79, ,   -0.86, ,   -0.91, ,   -0.93, ,   -0.94, ,   -0.95, ,   -0.96, ,   -0.96, ,   -0.97, ,   -0.97, ,   -0.98, ,   -0.97, ,   -0.98, ,   -1.00, ,   -1.02, ,   -1.02, ,   -1.04, ,   -1.07, ,   -1.05, ,   -1.07, ,   -1.08, 
4月,   -1.06, ,   -0.83, ,   -0.88, ,   -0.92, ,   -0.95, ,   -0.96, ,   -0.97, ,   -0.97, ,   -0.97, ,   -0.99, ,   -1.06, ,   -1.07, ,   -0.99, ,   -0.92, ,   -1.02, ,   -1.04, ,   -1.05, ,   -0.70, ,   -0.03, ,   -0.53, ,   -0.64, ,   -0.75, ,   -0.79, ,   -0.86, ,   -0.92, ,   -0.96, ,   -0.98, ,   -1.01, ,   -1.05, ,   -1.07, 
5月,   -1.07, ,   -1.09, ,   -1.09, ,   -1.10, ,   -1.10, ,   -1.13, ,   -1.17, ,   -1.18, ,   -1.12, ,   -1.10, ,   -1.10, ,   -1.12, ,   -1.15, ,   -1.26, ,   -1.26, ,   -1.26, ,   -1.26, ,   -1.24, ,   -0.88, ,   -0.84, ,   -0.97, ,   -1.02, ,   -0.95, ,   -0.95, ,   -1.04, ,   -1.10, ,   -1.12, ,   -1.16, ,   -1.20, ,   -1.23, ,   -1.24, 
6月,   -1.26, ,   -1.34, ,   -1.37, ,   -1.41, ,   -1.41, ,   -1.42, ,   -1.44, ,   -1.44, ,   -1.42, ,   -1.46, ,   -1.46, ,   -1.49, ,   -1.57, ,   -1.53, ,   -1.24, ,   -1.45, ,   -1.58, ,   -1.59, ,   -1.53, ,   -1.37, ,   -1.49, ,   -1.51, ,   -1.50, ,   -1.52, ,   -1.51, ,   -1.24, ,   -1.33, ,   -1.42, ,   -1.45, ,   -1.45, 
7月,   -1.19, ,   -1.09, ,   -1.25, ,   -0.99, ,   -1.01, ,   -1.11, ,   -1.10, ,   -0.87, ,   -0.91, ,   -0.96, ,   -0.92, ,   -0.90, ,   -0.83, ,   -0.65, ,   -0.60, ,   -0.43, ,   -0.67, ,   -0.84, ,   -0.89, ,   -0.94, ,   -1.01, ,   -0.95, ,   -1.02, ,   -1.04, ,   -1.01, ,   -1.02, ,   -1.01, ,   -0.33, ,   -0.46, ,   -0.75, ,   -0.87, 
8月,   -0.94, ,   -0.97, ,   -1.00, ,   -1.05, ,   -1.09, ,   -1.12, ,   -1.13, ,   -1.11, ,   -0.99, ,   -1.02, ,   -1.08, ,   -1.06, ,   -1.11, ,   -1.15, ,   -1.15, ,   -1.17, ,   -1.21, ,   -1.25, ,   -1.28, ,   -1.31, ,   -1.27, ,   -1.27, ,   -1.27, ,   -1.27, ,   -1.29, ,   -1.30, ,   -1.30, ,   -1.31, ,   -1.24, ,   -1.16, ,   -1.10, 
9月,   -1.07, ,   -0.88, ,   -0.88, ,   -0.97, ,   -1.02, ,   -1.03, ,   -1.07, ,   -1.10, ,   -1.14, ,   -1.12, ,   -0.99, ,   -0.70, ,   -0.81, ,   -0.78, ,   -0.86, ,   -0.92, ,   -0.96, ,   -0.99, ,   -1.01, ,   -1.03, ,   -1.04, ,   -1.05, ,   -1.05, ,   -1.05, ,   -0.90, ,   -0.81, ,   -0.91, ,   -0.94, ,   -0.96, ,   -0.98, 
10月,   -1.00, ,   -1.01, ,   -1.02, ,   -1.02, ,   -1.03, ,   -1.04, ,   -1.03, ,   -1.00, ,   -1.02, ,   -0.99, ,   -0.95, ,   -0.92, ,   -0.93, ,   -0.97, ,   -1.00, ,   -1.02, ,   -1.05, ,   -1.05, ,   -1.06, ,   -1.09, ,   -1.10, ,   -1.11, ,   -1.07, ,   -1.08, ,   -1.10, ,   -1.11, ,   -1.15, ,   -1.16, ,   -1.17, ,   -1.17, ,   -1.18, 
11月,   -1.20, ,   -1.20, ,   -1.20, ,   -1.18, ,   -1.18, ,   -1.20, ,   -1.20, ,   -1.20, ,   -1.20, ,   -1.19, ,   -1.17, ,   -1.18, ,   -1.19, ,   -1.18, ,   -1.19, ,   -1.18, ,   -1.19, ,   -1.20, ,   -1.20, ,   -1.20, ,   -1.17, ,   -1.20, ,   -1.19, ,   -1.19, ,   -1.19, ,   -1.20, ,   -1.21, ,   -1.20, ,   -1.19, ,   -1.20, 
12月,   -1.21, ,   -1.21, ,   -1.21, ,   -1.21, ,   -1.21, ,   -1.21, ,   -1.21, ,   -1.20, ,   -1.18, ,   -1.20, ,   -1.21, ,   -1.21, ,   -1.21, ,   -1.20, ,   -1.21, ,   -1.21, ,   -1.21, ,   -1.20, ,   -1.19, ,   -1.20, ,   -1.20, ,   -1.20, ,   -1.19, ,   -1.15, ,   -1.06, ,   -1.07, ,   -1.12, ,   -1.14, ,   -1.13, ,   -1.10, ,   -1.08, 
