日水位年表検索結果
水系名,名取川
河川名,広瀬川
観測所名,広瀬橋
観測所記号,302021282206050
#
#月,1日データ,1日フラグ,,,,,,,,31日データ,31日フラグ,月平均データ,月平均フラグ
#  フラグの意味： $:欠測, -:未登録
#
,1日,,2日,,3日,,4日,,5日,,6日,,7日,,8日,,9日,,10日,,11日,,12日,,13日,,14日,,15日,,16日,,17日,,18日,,19日,,20日,,21日,,22日,,23日,,24日,,25日,,26日,,27日,,28日,,29日,,30日,,31日,
2016年
1月,   -1.02, ,   -1.02, ,   -1.00, ,   -0.99, ,   -1.00, ,   -1.01, ,   -1.02, ,   -1.09, ,   -1.10, ,   -1.11, ,   -1.11, ,   -1.12, ,   -1.12, ,   -1.12, ,   -1.13, ,   -1.13, ,   -1.13, ,   -1.09, ,   -1.05, ,   -1.08, ,   -1.09, ,   -1.09, ,   -1.10, ,   -1.09, ,   -1.10, ,   -1.10, ,   -1.09, ,   -1.07, ,   -1.06, ,   -1.06, ,   -1.08, 
2月,   -1.08, ,   -1.09, ,   -1.09, ,   -1.09, ,   -1.09, ,   -1.09, ,   -1.10, ,   -1.11, ,   -1.10, ,   -1.10, ,   -1.10, ,   -1.11, ,   -1.08, ,   -0.87, ,   -0.81, ,   -0.95, ,   -0.99, ,   -1.03, ,   -1.05, ,   -1.03, ,   -0.88, ,   -0.94, ,   -0.99, ,   -1.01, ,   -1.04, ,   -1.06, ,   -1.07, ,   -1.07, ,   -1.07, 
3月,   -1.07, ,   -1.08, ,   -1.08, ,   -1.07, ,   -1.09, ,   -1.08, ,   -1.01, ,   -0.92, ,   -0.92, ,   -1.00, ,   -1.05, ,   -1.07, ,   -1.08, ,   -1.08, ,   -1.09, ,   -1.10, ,   -1.10, ,   -1.08, ,   -1.06, ,   -1.04, ,   -1.07, ,   -1.09, ,   -1.09, ,   -1.11, ,   -1.13, ,   -1.14, ,   -1.15, ,   -1.15, ,   -1.15, ,   -1.14, ,   -1.08, 
4月,   -1.10, ,   -1.11, ,   -1.10, ,   -0.99, ,   -1.01, ,   -1.06, ,   -0.80, ,   -0.71, ,   -0.85, ,   -0.86, ,   -0.89, ,   -0.95, ,   -0.97, ,   -0.93, ,   -0.96, ,   -0.96, ,   -0.96, ,   -0.96, ,   -0.98, ,   -1.01, ,   -1.05, ,   -1.04, ,   -1.05, ,   -1.05, ,   -1.09, ,   -1.17, ,   -1.26, ,   -1.01, ,   -0.85, ,   -1.02, 
5月,   -0.99, ,   -0.94, ,   -1.05, ,   -1.05, ,   -1.09, ,   -1.15, ,   -1.27, ,   -1.35, ,   -1.48, ,   -1.12, ,   -1.00, ,   -1.12, ,   -1.20, ,   -1.24, ,   -1.24, ,   -1.27, ,   -1.09, ,   -1.22, ,   -1.32, ,   -1.29, ,   -1.29, ,   -1.29, ,   -1.33, ,   -1.35, ,   -1.36, ,   -1.48, ,   -1.30, ,   -1.41, ,   -1.50, ,   -1.53, ,   -1.54, 
6月,   -1.55, ,   -1.56, ,   -1.56, ,   -1.56, ,   -1.56, ,   -1.56, ,   -1.55, ,   -1.55, ,   -1.52, ,   -1.52, ,   -1.55, ,   -1.56, ,   -1.32, ,   -1.13, ,   -1.40, ,   -1.36, ,   -1.21, ,   -1.35, ,   -1.51, ,   -1.46, ,   -1.39, ,   -1.42, ,   -1.01, ,   -0.90, ,   -0.85, ,   -0.96, ,   -1.03, ,   -0.99, ,   -1.02, ,   -1.04, 
7月,   -1.05, ,   -1.22, ,   -1.19, ,   -1.20, ,   -1.14, ,   -1.03, ,   -0.83, ,   -0.94, ,   -0.94, ,   -0.98, ,   -1.04, ,   -1.07, ,   -1.06, ,   -1.05, ,   -1.17, ,   -1.23, ,   -1.25, ,   -1.26, ,   -1.34, ,   -1.42, ,   -1.37, ,   -1.35, ,   -1.44, ,   -1.47, ,   -1.48, ,   -1.52, ,   -1.51, ,   -1.49, ,   -1.50, ,   -1.48, ,   -1.36, 
8月,   -1.33, ,   -1.19, ,   -0.94, ,   -0.99, ,   -1.14, ,   -1.21, ,   -1.25, ,   -1.25, ,   -1.18, ,   -1.28, ,   -1.33, ,   -1.38, ,   -1.43, ,   -1.46, ,   -1.47, ,   -1.37, ,   -0.38, ,   -0.71, ,   -0.86, ,   -0.87, ,   -0.81, ,   -0.68, ,   -0.05, ,   -0.60, ,   -0.80, ,   -0.87, ,   -0.89, ,   -0.95, ,   -0.87, ,   -0.13, ,   -0.43, 
9月,   -0.75, ,   -0.86, ,   -0.88, ,   -0.94, ,   -0.97, ,   -0.99, ,   -0.91, ,   -0.71, ,   -0.71, ,   -0.89, ,   -0.91, ,   -0.94, ,   -0.56, ,   -0.74, ,   -0.84, ,   -0.88, ,   -0.87, ,   -0.88, ,   -0.93, ,   -0.87, ,   -0.78, ,   -0.84, ,   -0.72, ,   -0.83, ,   -0.88, ,   -0.91, ,   -0.92, ,   -0.94, ,   -0.90, ,   -0.93, 
10月,   -0.96, ,   -0.97, ,   -0.98, ,   -0.98, ,   -1.00, ,   -0.99, ,   -1.01, ,   -1.01, ,   -1.01, ,   -1.02, ,   -1.03, ,   -1.04, ,   -1.04, ,   -1.04, ,   -1.05, ,   -1.05, ,   -1.05, ,   -1.05, ,   -1.06, ,   -1.07, ,   -1.08, ,   -1.14, ,   -1.14, ,   -1.15, ,   -1.15, ,   -1.15, ,   -1.15, ,   -1.16, ,   -1.15, ,   -1.17, ,   -1.17, 
11月,   -1.17, ,   -1.16, ,   -1.17, ,   -1.18, ,   -1.17, ,   -1.19, ,   -1.19, ,   -1.21, ,   -1.20, ,   -1.21, ,   -1.15, ,   -1.12, ,   -1.18, ,   -1.21, ,   -1.22, ,   -1.22, ,   -1.23, ,   -1.23, ,   -1.21, ,   -1.21, ,   -1.23, ,   -1.26, ,   -1.27, ,   -1.27, ,   -1.28, ,   -1.28, ,   -1.29, ,   -1.27, ,   -1.27, ,   -1.28, 
12月,   -1.28, ,   -1.29, ,   -1.28, ,   -1.28, ,   -1.27, ,   -1.24, ,   -1.17, ,   -1.21, ,   -1.23, ,   -1.23, ,   -1.22, ,   -1.23, ,   -1.25, ,   -1.06, ,   -1.13, ,   -1.18, ,   -1.20, ,   -1.22, ,   -1.20, ,   -1.16, ,   -1.15, ,   -1.15, ,   -1.14, ,   -1.15, ,   -1.18, ,   -1.21, ,   -1.23, ,   -1.23, ,   -1.24, ,   -1.24, ,   -1.26, 
