日水位年表検索結果
水系名,名取川
河川名,広瀬川
観測所名,広瀬橋
観測所記号,302021282206050
#
#月,1日データ,1日フラグ,,,,,,,,31日データ,31日フラグ,月平均データ,月平均フラグ
#  フラグの意味： $:欠測, -:未登録
#
,1日,,2日,,3日,,4日,,5日,,6日,,7日,,8日,,9日,,10日,,11日,,12日,,13日,,14日,,15日,,16日,,17日,,18日,,19日,,20日,,21日,,22日,,23日,,24日,,25日,,26日,,27日,,28日,,29日,,30日,,31日,
2017年
1月,   -1.26, ,   -1.26, ,   -1.23, ,   -1.23, ,   -1.23, ,   -1.24, ,   -1.25, ,   -1.25, ,   -1.20, ,   -1.18, ,   -1.20, ,   -1.22, ,   -1.22, ,   -1.24, ,   -1.26, ,   -1.26, ,   -1.20, ,   -1.16, ,   -1.16, ,   -1.16, ,   -1.15, ,   -1.16, ,   -1.15, ,   -1.16, ,   -1.18, ,   -1.18, ,   -1.19, ,   -1.14, ,   -1.17, ,   -1.16, ,   -1.08, 
2月,   -1.12, ,   -1.13, ,   -1.14, ,   -1.15, ,   -1.16, ,   -1.10, ,   -1.01, ,   -1.07, ,   -1.10, ,   -1.11, ,   -1.13, ,   -1.14, ,   -1.15, ,   -1.17, ,   -1.17, ,   -1.17, ,   -1.16, ,   -0.96, ,   -1.05, ,   -1.10, ,   -1.08, ,   -1.12, ,   -1.12, ,   -1.07, ,   -1.09, ,   -1.11, ,   -1.12, ,   -1.13, 
3月,   -1.13, ,   -1.12, ,   -1.11, ,   -1.11, ,   -1.09, ,   -1.07, ,   -1.01, ,   -1.03, ,   -1.06, ,   -1.06, ,   -1.07, ,   -1.09, ,   -1.09, ,   -1.00, ,   -0.93, ,   -1.01, ,   -1.04, ,   -1.03, ,   -1.02, ,   -1.01, ,   -0.99, ,   -0.98, ,   -1.00, ,   -1.02, ,   -1.04, ,   -1.05, ,   -1.01, ,   -1.01, ,   -1.00, ,   -0.98, ,   -0.96, 
4月,   -0.97, ,   -0.98, ,   -0.99, ,   -0.97, ,   -0.93, ,   -0.85, ,   -0.78, ,   -0.80, ,   -0.81, ,   -0.88, ,   -0.84, ,   -0.62, ,   -0.82, ,   -0.88, ,   -0.84, ,   -0.80, ,   -0.79, ,   -0.36, ,   -0.61, ,   -0.72, ,   -0.81, ,   -0.85, ,   -0.86, ,   -0.88, ,   -0.90, ,   -0.91, ,   -0.87, ,   -0.91, ,   -0.99, ,   -1.05, 
5月,   -1.03, ,   -1.02, ,   -1.03, ,   -1.03, ,   -1.03, ,   -1.04, ,   -1.01, ,   -1.05, ,   -1.09, ,   -1.21, ,   -1.21, ,   -1.11, ,   -0.60, ,   -0.33, ,   -0.65, ,   -0.70, ,   -0.82, ,   -0.88, ,   -0.96, ,   -0.98, ,   -1.00, ,   -1.01, ,   -1.05, ,   -1.07, ,   -0.95, ,   -1.02, ,   -1.06, ,   -1.13, ,   -1.15, ,   -1.16, ,   -1.17, 
6月,   -1.15, ,   -0.89, ,   -1.02, ,   -1.08, ,   -1.10, ,   -1.17, ,   -1.16, ,   -1.10, ,   -1.18, ,   -1.27, ,   -1.28, ,   -1.30, ,   -1.31, ,   -1.33, ,   -1.33, ,   -1.27, ,   -1.28, ,   -1.32, ,   -1.32, ,   -1.32, ,   -1.14, ,   -1.09, ,   -1.23, ,   -1.27, ,   -1.28, ,   -1.28, ,   -1.31, ,   -1.26, ,   -1.23, ,   -1.24, 
7月,   -1.22, ,   -1.13, ,   -1.03, ,   -0.99, ,   -1.08, ,   -1.13, ,   -1.24, ,   -1.27, ,   -1.32, ,   -1.37, ,   -1.39, ,   -1.43, ,   -1.36, ,   -1.31, ,   -1.39, ,   -1.43, ,   -1.45, ,   -1.13, ,   -1.23, ,   -1.40, ,   -1.45, ,   -1.46, ,   -1.48, ,   -0.92, ,   -0.89, ,   -0.97, ,   -1.11, ,   -1.13, ,   -0.75, ,   -0.84, ,   -0.92, 
8月,   -0.96, ,   -1.03, ,   -1.10, ,   -1.08, ,   -1.09, ,   -1.11, ,   -1.08, ,   -0.34, ,   -0.15, ,   -0.65, ,   -0.78, ,   -0.78, ,   -0.83, ,   -0.84, ,   -0.80, ,   -0.74, ,   -0.66, ,   -0.62, ,   -0.73, ,   -0.81, ,   -0.84, ,   -0.87, ,   -0.91, ,   -0.89, ,   -0.86, ,   -0.74, ,   -0.84, ,   -0.92, ,   -0.95, ,   -0.91, ,   -0.80, 
9月,   -0.78, ,   -0.95, ,   -0.98, ,   -1.01, ,   -1.01, ,   -1.02, ,   -0.98, ,   -0.94, ,   -1.00, ,   -1.03, ,   -1.03, ,   -0.84, ,   -0.94, ,   -0.98, ,   -0.99, ,   -0.99, ,   -0.91, ,   -0.22, ,   -0.67, ,   -0.83, ,   -0.90, ,   -0.94, ,   -0.88, ,   -0.92, ,   -0.95, ,   -0.97, ,   -1.00, ,   -0.95, ,   -0.99, ,   -1.01, 
10月,   -1.02, ,   -1.03, ,   -1.03, ,   -1.05, ,   -1.05, ,   -1.06, ,   -1.01, ,   -1.03, ,   -1.04, ,   -1.05, ,   -1.02, ,   -1.04, ,   -1.00, ,   -1.03, ,   -1.05, ,   -1.06, ,   -1.06, ,   -1.07, ,   -1.07, ,   -0.94, ,   -0.71, ,   -0.37, ,    0.10, ,   -0.60, ,   -0.76, ,   -0.83, ,   -0.87, ,   -0.89, ,   -0.79, ,   -0.74, ,   -0.81, 
11月,   -0.85, ,   -0.87, ,   -0.89, ,   -0.91, ,   -0.92, ,   -0.92, ,   -0.94, ,   -0.94, ,   -0.94, ,   -0.95, ,   -0.96, ,   -0.95, ,   -0.99, ,   -1.02, ,   -1.02, ,   -1.02, ,   -1.02, ,   -1.03, ,   -1.03, ,   -1.03, ,   -1.03, ,   -1.04, ,   -1.04, ,   -1.02, ,   -1.02, ,   -1.03, ,   -1.00, ,   -1.02, ,   -1.02, ,   -1.01, 
12月,   -1.03, ,   -1.05, ,   -1.05, ,   -1.06, ,   -1.07, ,   -1.07, ,   -1.08, ,   -1.16, ,   -1.17, ,   -1.18, ,   -1.18, ,   -1.19, ,   -1.20, ,   -1.22, ,   -1.22, ,   -1.23, ,   -1.22, ,   -1.24, ,   -1.19, ,   -1.16, ,   -1.17, ,   -1.18, ,   -1.18, ,   -1.16, ,   -1.16, ,   -1.11, ,   -1.14, ,   -1.16, ,   -1.17, ,   -1.18, ,   -1.19, 
