日水位年表検索結果
水系名,名取川
河川名,広瀬川
観測所名,広瀬橋
観測所記号,302021282206050
#
#月,1日データ,1日フラグ,,,,,,,,31日データ,31日フラグ,月平均データ,月平均フラグ
#  フラグの意味： $:欠測, -:未登録
#
,1日,,2日,,3日,,4日,,5日,,6日,,7日,,8日,,9日,,10日,,11日,,12日,,13日,,14日,,15日,,16日,,17日,,18日,,19日,,20日,,21日,,22日,,23日,,24日,,25日,,26日,,27日,,28日,,29日,,30日,,31日,
2013年
1月,   -0.96, ,   -0.97, ,   -0.96, ,   -0.98, ,   -0.98, ,   -0.98, ,   -0.99, ,   -0.99, ,   -0.99, ,   -0.99, ,   -1.00, ,   -1.00, ,   -0.99, ,   -0.98, ,   -0.98, ,   -0.99, ,   -0.99, ,   -0.99, ,   -0.99, ,   -0.99, ,   -0.99, ,   -0.99, ,   -0.99, ,   -0.99, ,   -0.98, ,   -0.98, ,   -0.98, ,   -0.99, ,   -0.99, ,   -0.99, ,   -0.99, 
2月,   -0.99, ,   -0.98, ,   -0.92, ,   -0.96, ,   -0.96, ,   -0.97, ,   -0.97, ,   -0.97, ,   -0.98, ,   -0.98, ,   -0.98, ,   -0.99, ,   -1.00, ,   -1.00, ,   -1.00, ,   -1.00, ,   -1.00, ,   -1.00, ,   -1.01, ,   -1.02, ,   -1.02, ,   -1.02, ,   -1.01, ,   -1.02, ,   -1.02, ,   -1.01, ,   -1.02, ,   -1.02, 
3月,   -1.00, ,   -0.97, ,   -0.97, ,   -0.98, ,   -0.98, ,   -0.98, ,   -0.95, ,   -0.91, ,   -0.80, ,   -0.86, ,   -0.88, ,   -0.93, ,   -0.93, ,   -0.92, ,   -0.93, ,   -0.92, ,   -0.91, ,   -0.92, ,   -0.91, ,   -0.90, ,   -0.88, ,   -0.96, ,   -1.03, ,   -1.02, ,   -1.03, ,   -1.03, ,   -1.05, ,   -1.04, ,   -1.02, ,   -1.03, ,   -1.04, 
4月,   -1.04, ,   -1.05, ,   -0.99, ,   -0.98, ,   -0.99, ,   -0.99, ,   -0.59, ,   -0.86, ,   -0.94, ,   -0.97, ,   -1.00, ,   -1.05, ,   -1.06, ,   -1.06, ,   -1.06, ,   -1.08, ,   -1.08, ,   -1.05, ,   -1.04, ,   -1.05, ,   -1.01, ,   -1.03, ,   -1.05, ,   -1.07, ,   -1.09, ,-9999.00,$,   -1.15, ,   -1.19, ,   -1.21, ,   -1.23, 
5月,   -1.25, ,   -1.21, ,   -1.10, ,   -1.11, ,   -1.11, ,   -1.11, ,   -1.12, ,   -1.12, ,   -1.14, ,   -1.15, ,   -1.14, ,   -1.08, ,   -1.10, ,   -1.11, ,   -1.09, ,   -1.05, ,   -1.11, ,   -1.06, ,   -1.07, ,   -1.04, ,   -1.07, ,   -1.09, ,   -1.10, ,   -1.10, ,   -1.10, ,   -1.10, ,   -1.10, ,   -1.11, ,   -1.10, ,   -1.07, ,   -1.09, 
6月,   -1.12, ,   -1.12, ,   -1.12, ,   -1.12, ,   -1.14, ,-9999.00,$,   -1.23, ,   -1.22, ,   -1.22, ,   -1.23, ,   -1.22, ,   -1.12, ,   -1.10, ,   -1.12, ,   -1.09, ,   -1.10, ,   -1.14, ,   -1.16, ,   -0.93, ,   -1.05, ,   -1.15, ,   -1.18, ,   -1.20, ,   -1.22, ,   -1.25, ,   -1.22, ,   -1.06, ,   -1.13, ,   -1.14, ,   -1.14, 
7月,   -1.15, ,   -1.16, ,   -1.05, ,   -0.94, ,   -1.07, ,   -1.10, ,   -1.13, ,   -1.04, ,   -0.93, ,   -1.04, ,   -1.07, ,   -1.03, ,   -1.03, ,   -1.06, ,   -0.82, ,   -0.84, ,   -0.88, ,   -0.14, ,   -0.47, ,   -0.69, ,   -0.81, ,   -0.78, ,   -0.67, ,   -0.79, ,   -0.82, ,   -0.69, ,   -0.62, ,   -0.50, ,   -0.55, ,   -0.66, ,   -0.73, 
8月,   -0.59, ,   -0.63, ,   -0.67, ,   -0.76, ,   -0.81, ,   -0.63, ,   -0.61, ,   -0.79, ,   -0.85, ,   -0.89, ,   -0.92, ,   -0.95, ,   -0.97, ,   -0.97, ,   -0.98, ,   -0.99, ,   -1.00, ,   -1.00, ,   -1.01, ,   -0.95, ,   -0.99, ,   -1.02, ,   -1.04, ,   -1.02, ,   -1.05, ,   -1.06, ,   -1.08, ,   -1.10, ,   -1.10, ,   -1.08, ,   -1.05, 
9月,   -1.00, ,   -1.02, ,   -1.03, ,   -1.01, ,   -0.90, ,   -1.02, ,   -1.09, ,   -0.72, ,   -0.86, ,   -0.94, ,   -0.99, ,   -1.01, ,   -1.02, ,   -0.98, ,   -0.84, ,   -0.53, ,   -0.66, ,   -0.81, ,   -0.88, ,   -0.91, ,   -0.93, ,   -0.94, ,   -0.95, ,   -0.95, ,   -0.95, ,   -0.96, ,   -0.97, ,   -0.98, ,   -0.98, ,   -0.98, 
10月,   -0.99, ,   -1.03, ,   -1.05, ,   -1.05, ,   -1.06, ,   -1.05, ,   -1.02, ,   -1.05, ,   -1.09, ,   -1.10, ,   -1.06, ,   -1.01, ,   -1.01, ,   -1.03, ,   -1.02, ,   -0.52, ,   -0.75, ,   -0.85, ,   -0.89, ,   -0.83, ,   -0.65, ,   -0.74, ,   -0.71, ,   -0.65, ,   -0.53, ,   -0.54, ,   -0.65, ,   -0.72, ,   -0.77, ,   -0.82, ,   -0.84, 
11月,   -0.90, ,   -0.91, ,   -0.91, ,   -0.90, ,   -0.92, ,   -0.94, ,   -0.99, ,   -0.99, ,   -1.01, ,   -1.01, ,   -0.98, ,   -0.99, ,   -1.00, ,   -1.01, ,   -1.01, ,   -1.00, ,   -1.01, ,   -1.02, ,   -1.03, ,   -1.02, ,   -1.01, ,   -1.00, ,   -1.01, ,   -1.02, ,   -1.03, ,   -1.01, ,   -1.01, ,   -1.01, ,   -1.01, ,   -1.01, 
12月,   -1.01, ,   -1.00, ,   -1.01, ,   -1.02, ,   -1.02, ,   -1.03, ,   -1.01, ,   -1.02, ,   -1.03, ,   -1.04, ,   -1.01, ,   -1.00, ,   -1.01, ,   -0.99, ,   -0.99, ,   -0.99, ,   -1.00, ,   -1.00, ,   -1.01, ,   -0.68, ,   -0.77, ,   -0.88, ,   -0.92, ,   -0.96, ,   -0.98, ,   -1.00, ,   -1.01, ,   -1.01, ,   -1.02, ,   -1.03, ,   -1.03, 
