日水位年表検索結果
水系名,名取川
河川名,広瀬川
観測所名,広瀬橋
観測所記号,302021282206050
#
#月,1日データ,1日フラグ,,,,,,,,31日データ,31日フラグ,月平均データ,月平均フラグ
#  フラグの意味： $:欠測, -:未登録
#
,1日,,2日,,3日,,4日,,5日,,6日,,7日,,8日,,9日,,10日,,11日,,12日,,13日,,14日,,15日,,16日,,17日,,18日,,19日,,20日,,21日,,22日,,23日,,24日,,25日,,26日,,27日,,28日,,29日,,30日,,31日,
2012年
1月,   -1.04, ,   -1.04, ,   -1.04, ,   -1.05, ,   -0.98, ,   -0.93, ,   -0.94, ,   -0.94, ,   -0.94, ,   -0.94, ,   -0.94, ,   -0.94, ,   -0.95, ,   -0.94, ,   -0.95, ,   -0.95, ,   -0.95, ,   -0.95, ,   -0.96, ,   -0.97, ,   -0.96, ,   -0.94, ,   -0.94, ,   -0.94, ,   -0.95, ,   -0.95, ,   -0.95, ,   -0.95, ,   -0.95, ,   -0.97, ,   -0.97, 
2月,   -0.97, ,   -0.97, ,   -0.98, ,   -0.98, ,   -0.97, ,   -0.97, ,   -0.95, ,   -0.93, ,   -0.94, ,   -0.95, ,   -0.95, ,   -0.95, ,   -0.96, ,   -0.95, ,   -0.97, ,   -0.96, ,   -0.96, ,   -0.97, ,   -0.97, ,   -0.97, ,   -0.97, ,   -0.96, ,   -0.93, ,   -0.89, ,   -0.88, ,   -0.90, ,   -0.92, ,   -0.94, ,   -0.95, 
3月,   -0.94, ,   -0.92, ,   -0.90, ,   -0.91, ,   -0.83, ,   -0.50, ,   -0.52, ,   -0.65, ,   -0.73, ,   -0.73, ,-9999.00,$,-9999.00,$,   -0.79, ,   -0.81, ,   -0.80, ,   -0.82, ,   -0.82, ,   -0.78, ,   -0.72, ,   -0.77, ,   -0.81, ,   -0.83, ,   -0.80, ,   -0.71, ,   -0.73, ,   -0.77, ,   -0.80, ,   -0.79, ,   -0.77, ,   -0.74, ,   -0.60, 
4月,   -0.62, ,   -0.74, ,   -0.74, ,   -0.50, ,   -0.66, ,   -0.71, ,   -0.75, ,   -0.78, ,   -0.78, ,   -0.73, ,   -0.69, ,   -0.56, ,   -0.59, ,   -0.63, ,   -0.69, ,   -0.68, ,   -0.68, ,   -0.66, ,   -0.66, ,   -0.68, ,   -0.71, ,   -0.73, ,   -0.64, ,   -0.58, ,   -0.62, ,   -0.64, ,   -0.55, ,   -0.62, ,   -0.65, ,   -0.62, 
5月,   -0.49, ,   -0.47, ,    0.56, ,    0.48, ,   -0.31, ,   -0.60, ,   -0.73, ,   -0.82, ,   -0.86, ,   -0.88, ,   -0.88, ,   -0.86, ,   -0.88, ,   -0.89, ,   -0.90, ,   -0.90, ,   -0.92, ,   -0.90, ,   -0.92, ,   -0.94, ,   -0.95, ,   -0.94, ,   -0.93, ,   -0.95, ,   -0.93, ,   -0.93, ,   -0.96, ,   -0.96, ,   -0.95, ,   -0.96, ,   -0.97, 
6月,   -1.00, ,   -1.01, ,   -1.01, ,   -1.01, ,   -1.02, ,   -1.01, ,   -1.00, ,   -1.03, ,   -0.96, ,   -0.69, ,   -0.87, ,   -0.92, ,   -0.94, ,   -0.94, ,   -0.95, ,   -0.95, ,   -0.89, ,   -0.92, ,   -0.77, ,    0.32, ,   -0.47, ,   -0.72, ,   -0.86, ,   -0.89, ,   -0.90, ,   -0.91, ,   -0.92, ,   -0.93, ,   -0.94, ,   -0.94, 
7月,   -0.95, ,   -0.90, ,   -0.94, ,   -0.96, ,   -0.95, ,   -0.90, ,   -0.33, ,   -0.56, ,   -0.76, ,   -0.85, ,   -0.89, ,   -0.86, ,   -0.88, ,   -0.92, ,   -0.92, ,   -0.92, ,   -0.94, ,   -0.97, ,   -0.98, ,   -1.01, ,   -0.99, ,   -0.99, ,   -0.98, ,   -0.99, ,   -0.99, ,   -0.97, ,   -0.99, ,   -0.99, ,   -0.98, ,   -0.99, ,   -0.96, 
8月,   -0.95, ,   -1.00, ,   -1.02, ,   -1.02, ,   -1.02, ,   -1.02, ,   -1.04, ,   -1.06, ,   -1.05, ,   -1.07, ,   -1.08, ,   -1.06, ,   -1.05, ,   -0.96, ,   -1.00, ,   -1.04, ,   -1.04, ,   -0.98, ,   -1.06, ,   -1.09, ,   -1.11, ,   -1.15, ,   -1.14, ,   -1.03, ,   -1.09, ,   -1.10, ,   -1.10, ,   -1.12, ,   -1.15, ,   -1.11, ,   -1.11, 
9月,   -1.09, ,   -1.07, ,   -0.91, ,   -0.95, ,   -0.85, ,   -0.92, ,   -0.97, ,   -1.02, ,   -1.03, ,   -1.03, ,   -0.97, ,   -0.93, ,   -0.94, ,   -0.97, ,   -0.98, ,   -0.98, ,   -0.98, ,   -0.99, ,   -0.99, ,   -0.98, ,   -0.97, ,   -0.97, ,   -0.97, ,   -0.94, ,   -0.93, ,   -0.97, ,   -0.99, ,   -0.99, ,   -0.96, ,   -0.95, 
10月,   -0.45, ,   -0.77, ,   -0.82, ,   -0.85, ,   -0.88, ,   -0.92, ,   -0.92, ,   -0.93, ,   -0.94, ,   -0.94, ,   -0.93, ,   -0.94, ,   -0.95, ,   -0.96, ,   -0.95, ,   -0.96, ,   -0.96, ,   -0.95, ,   -0.96, ,   -0.96, ,   -0.96, ,   -0.96, ,   -0.99, ,   -0.98, ,   -0.99, ,   -1.00, ,   -1.00, ,   -0.98, ,   -0.95, ,   -0.98, ,   -0.99, 
11月,   -0.97, ,   -0.96, ,   -0.96, ,   -0.98, ,   -0.98, ,   -0.94, ,   -0.91, ,   -0.92, ,   -0.90, ,   -0.92, ,   -0.94, ,   -0.86, ,   -0.88, ,   -0.89, ,   -0.92, ,   -0.93, ,   -0.93, ,   -0.93, ,   -0.94, ,   -0.94, ,   -0.95, ,   -0.95, ,   -0.95, ,   -0.95, ,   -0.95, ,   -0.95, ,   -0.96, ,   -0.97, ,   -0.96, ,   -0.98, 
12月,   -0.98, ,   -0.98, ,   -0.98, ,   -0.97, ,   -0.97, ,   -0.98, ,   -0.98, ,   -0.98, ,   -0.97, ,   -0.97, ,   -0.97, ,   -0.97, ,   -0.97, ,   -0.97, ,   -0.96, ,   -0.89, ,   -0.90, ,   -0.92, ,   -0.93, ,   -0.95, ,   -0.95, ,   -0.96, ,   -0.96, ,   -0.96, ,   -0.97, ,   -0.97, ,   -0.99, ,   -0.98, ,   -0.98, ,   -0.97, ,   -0.92, 
